procs -----------memory---------- ---swap-- -----io---- -system-- -------cpu-------
 r  b   swpd   free   buff  cache   si   so    bi    bo   in   cs us sy id wa st gu
 2  0      0 4511792   6000 365240    0    0   245  1889 2236    5  2  6 91  1  0  0
 2  0      0 4513536   6032 365320    0    0     4   532 1399 1255  0  1 98  1  0  0
 1  0      0 4515876   6048 365320    0    0     0   212 1514 1259  0  1 99  0  0  0
 4  0      0 4445064   6208 371244    0    0  6140    32 6784 6367 14 11 72  3  0  0
20  0      0 4369492   6820 375532    0    0  1548  2488 5721 9154 42 29 25  4  0  0
13  2      0 4340008   7792 377540    0    0     0  4420 6447 12593 42 37 16  5  0  0
14  0      0 4308508   8576 379724    0    0   220  4332 6662 11613 47 34 16  4  0  0
 9  0      0 4295404   8764 381472    0    0     0   980 6885 9168 38 26 35  1  0  0
 5  0      0 4259872   8936 382640    0    0     0   756 4875 6621 22 21 56  1  0  0
 6  0      0 4245256   9144 384396    0    0    64  1032 6509 9051 41 28 28  2  0  0
 8  0      0 4228876   9364 385960    0    0    60  1160 5560 9205 31 21 46  1  0  0
 8  0      0 4188556   9560 387464    0    0     0  1124 6780 11237 43 27 30  1  0  0
 9  0      0 4173716   9736 389328    0    0     4  1168 7036 11234 34 38 26  1  0  0
 2  0      0 4148824   9916 391428    0    0   748   924 5893 9980 36 32 31  1  0  0
 4  0      0 4131688  10072 392720    0    0    56   820 5417 8839 25 29 44  2  0  0
22  0      0 4129924  10320 394052    0    0    32  1136 5744 9574 21 30 47  2  0  0
11  0      0 4124660  10520 395592    0    0     0  1120 6337 10486 33 37 28  2  0  0
 9  0      0 4114088  10724 397124    0    0    32   896 5801 9172 28 23 48  2  0  0
 9  0      0 4112576  10920 398372    0    0     0   976 5325 9059 19 36 43  2  0  0
 8  0      0 4107788  11112 399964    0    0    52  1048 6585 10584 29 36 33  2  0  0
17  0      0 4074664  11368 401312    0    0    52  1216 5234 8449 27 25 47  1  0  0
procs -----------memory---------- ---swap-- -----io---- -system-- -------cpu-------
 r  b   swpd   free   buff  cache   si   so    bi    bo   in   cs us sy id wa st gu
13  0      0 4073736  11544 402704    0    0     0   920 5941 9987 24 43 31  2  0  0
13  0      0 4067892  11728 404368    0    0     0   984 6726 10961 35 32 31  1  0  0
 3  0      0 4069600  11884 405832    0    0     0  1860 5893 10018 19 39 39  3  0  0
 2  0      0 4071116  12084 407420    0    0     0   968 5655 10042 16 43 37  3  0  0
 9  0      0 4070860  12276 409148    0    0   248   948 6592 11103 17 36 44  3  0  0
 4  0      0 4070476  12464 410736    0    0     0  1008 6520 10843 16 37 45  3  0  0
 7  0      0 4069476  12632 412540    0    0     0   948 7697 11952 27 30 42  2  0  0
 6  1      0 4068468  12820 414000    0    0     0 21588 5685 9945 14 42 39  4  0  0
 8  0      0 4067460  13000 415192    0    0     0 16404 4630 8945 13 38 46  3  0  0
 0  0      0 4065948  13180 416788    0    0     0  1012 5883 9980 13 41 44  2  0  0
 3  0      0 4064436  13368 418264    0    0     0  1040 5944 10049  6 44 47  3  0  0
 2  0      0 4063176  13552 419604    0    0     0  1540 5933 10312 11 42 43  4  0  0
 6  0      0 4061664  13724 421060    0    0     0   924 5394 9484  7 44 45  4  0  0
 9  0      0 4060152  13904 422844    0    0     0  1552 5414 9710 11 47 38  4  0  0
12  0      0 4058892  14092 424060    0    0     0   996 4936 9296 11 46 39  4  0  0
 7  0      0 4057128  14272 425524    0    0     0  1052 5419 9737  9 45 43  3  0  0
 2  0      0 4055868  14456 426844    0    0     0   984 5055 9228  7 49 40  4  0  0
 7  0      0 4054608  14640 428352    0    0     0   980 6105 10430 14 39 45  2  0  0
 2  0      0 4052844  14836 429964    0    0     0  1028 5719 10016 11 38 49  2  0  0
 7  0      0 4050828  15052 431428    0    0     8  1120 6350 10710 18 40 40  2  0  0
 4  0      0 4050072  15228 433020    0    0     0   900 5780 10015  8 43 45  3  0  0
procs -----------memory---------- ---swap-- -----io---- -system-- -------cpu-------
 r  b   swpd   free   buff  cache   si   so    bi    bo   in   cs us sy id wa st gu
 2  0      0 4046292  15420 434280    0    0     0  1080 5526 9526  8 48 41  3  0  0
 3  0      0 4045284  15576 435844    0    0     0   876 6531 10936 13 40 45  2  0  0
 6  0      0 4043772  15756 437272    0    0     0  1008 6194 10343 15 40 42  3  0  0
 6  0      0 4042764  15928 438848    0    0     0   984 5994 10235 12 37 48  3  0  0
 7  0      0 4041504  16108 440204    0    0     0   956 5335 9263  9 41 46  3  0  0
 1  0      0 4039992  16276 441852    0    0     0   892 5367 9535  9 46 42  3  0  0
 9  0      0 4038732  16460 443004    0    0     0   960 5530 9974  9 43 45  3  0  0
 8  0      0 4034460  17344 446340    0    0  2060  1128 6278 10924 14 42 40  4  0  0
 5  0      0 4033704  17556 447680    0    0     0  1104 5240 9716  8 45 43  4  0  0
 7  0      0 4032948  17716 449068    0    0     0   896 6360 10676  8 43 46  3  0  0
 8  0      0 4031436  17916 450600    0    0     0  1044 5898 10221  9 41 47  3  0  0
 2  0      0 4030680  18088 452252    0    0     0   936 6033 10261 11 42 44  3  0  0
12  0      0 4027908  18252 453476    0    0     0  1140 5931 10246  8 44 44  4  0  0
 1  0      0 4027152  18432 455184    0    0     0  1060 5681 9815  8 44 44  4  0  0
 6  0      0 4024380  18596 456488    0    0     0   872 5763 10038  6 40 51  3  0  0
 2  0      0 4022868  18804 457712    0    0     0   948 5113 9321  6 46 45  3  0  0
 1  0      0 4020348  18984 459356    0    0     0  1092 5812 10071  6 45 45  5  0  0
 1  0      0 4019340  19176 460412    0    0     0  1000 5234 9422  6 43 47  3  0  0
 8  0      0 4016820  19352 461780    0    0     0 44648 4134 7876 10 45 39  7  0  0
 4  0      0 4015560  19508 463028    0    0     0   828 5529 9760  6 45 45  3  0  0
15  0      0 4013796  19676 464672    0    0     0   968 5431 9519  7 49 41  3  0  0
procs -----------memory---------- ---swap-- -----io---- -system-- -------cpu-------
 r  b   swpd   free   buff  cache   si   so    bi    bo   in   cs us sy id wa st gu
 5  0      0 4012284  19852 466028    0    0     0  1604 4897 9230  5 50 41  4  0  0
 5  0      0 4010548  20028 467448    0    0     0   948 5506 9551  7 45 45  4  0  0
 4  0      0 4008784  20236 468748    0    0     0  2172 5346 9574  6 51 38  5  0  0
 6  0      0 4007020  20420 470388    0    0     0  1032 5436 9682 11 42 43  4  0  0
 0  0      0 4005004  20568 471576    0    0     0   812 5421 9508  6 45 47  3  0  0
 5  0      0 4003492  20752 473040    0    0     0  1044 5626 9683  6 48 42  4  0  0
11  0      0 4001728  20916 474540    0    0     0   868 5523 9886  6 44 47  2  0  0
 2  0      0 4000720  21140 476072    0    0     0  1236 5568 9989  8 45 44  3  0  0
 3  0      0 3998704  21300 477616    0    0     0   936 5458 9682  8 44 44  4  0  0
 4  0      0 3996436  21480 478792    0    0     0   972 5522 9635  7 46 43  4  0  0
 0  0      0 3994672  21672 480408    0    0     0  1000 5377 9608  7 46 43  4  0  0
 6  0      0 3992908  21848 481868    0    0     0   972 4972 9155  6 50 40  5  0  0
 6  0      0 3991648  22052 483116    0    0     0  1180 5348 9745  6 46 44  5  0  0
 9  0      0 3989380  22224 484904    0    0     0  1012 6134 10410  6 43 48  3  0  0
 9  0      0 3987616  22380 486396    0    0     0   836 5645 10037  6 45 46  3  0  0
 3  0      0 3985852  22584 487620    0    0     0  1104 5119 9427  7 48 40  5  0  0
 0  0      0 3976024  22796 489180    0    0     0  1056 5223 9744  7 49 40  4  0  0
 6  0      0 3951832  23016 490804    0    0     0  1096 6265 10683 11 41 46  2  0  0
12  0      0 3942760  23196 492408    0    0     0  1008 5730 10021 11 45 41  4  0  0
 7  0      0 3942256  23360 493920    0    0     0   900 5623 9824  7 46 44  3  0  0
 7  0      0 3941248  23544 495424    0    0     0   968 6217 10386 10 43 43  3  0  0
procs -----------memory---------- ---swap-- -----io---- -system-- -------cpu-------
 r  b   swpd   free   buff  cache   si   so    bi    bo   in   cs us sy id wa st gu
 4  0      0 3940744  23716 496976    0    0     0   924 5436 9831  6 48 42  4  0  0
 7  0      0 3939484  23900 498344    0    0     0  1064 5905 10121  7 43 48  3  0  0
 2  0      0 3938476  24076 500044    0    0     0  1012 5736 10252  6 48 42  4  0  0
 5  0      0 3936460  24248 501552    0    0     0   992 5520 9758  5 45 46  4  0  0
 2  0      0 3935200  24444 502672    0    0     0   968 5704 9928  6 45 46  4  0  0
 2  0      0 3927640  24632 504212    0    0     0   896 5670 10038  6 46 44  3  0  0
 3  0      0 3906220  24824 505868    0    0     0  1112 5319 9648  7 48 41  4  0  0
 8  0      0 3894628  24996 507156    0    0     0 44176 4289 8341  7 55 27 12  0  0
 4  0      0 3894628  25152 508868    0    0     0   824 6076 10456  8 44 46  3  0  0
 6  0      0 3890344  25352 510156    0    0     0  1564 4847 8844  6 42 48  4  0  0
 4  0      0 3889588  25548 511664    0    0     0  1052 5339 9550  6 48 41  5  0  0
 6  0      0 3888580  25756 512932    0    0     0  1132 5762 10002  6 45 46  3  0  0
 8  0      0 3880264  25936 514500    0    0     0   952 6365 10575 13 37 47  3  0  0
 5  0      0 3879508  26128 515940    0    0     0  2204 4552 8627  5 50 38  6  0  0
 4  0      0 3886008  26312 517480    0    0     0  1332 5370 9638  6 48 43  3  0  0
 3  0      0 3884496  26496 518688    0    0     0   972 5108 9360  6 49 41  4  0  0
 9  0      0 3882732  26688 520388    0    0     0  1116 5318 9545  7 45 44  4  0  0
 3  0      0 3879708  26896 521636    0    0    20  1180 4995 9276  5 50 40  5  0  0
 0  0      0 3878952  27072 523040    0    0     0   932 5235 9353  6 49 42  3  0  0
 8  0      0 3875928  27212 524648    0    0     0  1128 5301 9618  5 47 44  5  0  0
 4  0      0 3875424  27392 525888    0    0     0  1012 5365 9862  6 49 41  4  0  0
procs -----------memory---------- ---swap-- -----io---- -system-- -------cpu-------
 r  b   swpd   free   buff  cache   si   so    bi    bo   in   cs us sy id wa st gu
 5  0      0 3874164  27584 527560    0    0     0  1012 5438 9689  6 45 46  3  0  0
 9  0      0 3872400  27768 529056    0    0     0  1056 5725 10019  6 43 47  4  0  0
 9  0      0 3870636  27940 530508    0    0     0  1024 5759 10169  5 43 47  4  0  0
 3  0      0 3868368  28104 532136    0    0     0   932 5554 9930  6 44 46  4  0  0
 3  0      0 3866856  28288 533608    0    0     0   920 5417 9718  5 49 43  4  0  0
 9  0      0 3857532  28464 535012    0    0     0  1012 5463 9797  7 49 42  3  0  0
 8  0      0 3840144  28664 536556    0    0     0  1064 5353 9687  8 48 39  5  0  0
11  0      0 3819732  28860 537944    0    0     0  1136 6088 10480  6 43 47  4  0  0
 4  0      0 3796548  29032 539568    0    0     0   956 5910 10213  5 46 46  3  0  0
 3  0      0 3780924  29196 541096    0    0     0  1228 5484 9921  5 48 43  4  0  0
 2  0      0 3761016  29400 542616    0    0     0  1088 5841 10155  6 44 45  4  0  0
 4  0      0 3733044  29616 544088    0    0     0  1088 5530 9857  7 48 40  6  0  0
 3  0      0 3733044  29844 545580    0    0     0  1244 5429 9967  5 49 40  5  0  0
 5  0      0 3733044  30020 546992    0    0     0   896 5522 9747  4 44 48  4  0  0
 4  0      0 3732288  30204 548416    0    0     0  1236 5450 9827  6 47 43  4  0  0
 4  0      0 3731280  30412 550072    0    0     0  1116 5674 10153  7 46 44  4  0  0
 6  0      0 3722460  30580 551520    0    0     0   980 5480 9835  6 48 42  4  0  0
 5  2      0 3720696  30744 552888    0    0     0  9304 4818 8994  5 51 39  5  0  0
 8  1      0 3719436  30984 554120    0    0     0 36212 4226 8213  5 58 30  8  0  0
 4  0      0 3717924  31140 555528    0    0     0  1264 5197 9732  5 50 41  5  0  0
 4  1      0 3716160  31312 556960    0    0     0   984 5048 9277  7 49 41  4  0  0
procs -----------memory---------- ---swap-- -----io---- -system-- -------cpu-------
 r  b   swpd   free   buff  cache   si   so    bi    bo   in   cs us sy id wa st gu
 3  1      0 3713892  31500 558480    0    0     0   936 5604 9927  5 47 44  4  0  0
 4  0      0 3712884  31708 559980    0    0     0  1048 5726 10054  5 46 46  3  0  0
 3  0      0 3711120  31880 561456    0    0     0  2060 5140 9373  5 49 41  6  0  0
 8  0      0 3709356  32060 562976    0    0     0  1128 5586 10029  6 46 43  5  0  0
10  0      0 3707592  32272 564352    0    0     0  1184 5351 9650  5 44 46  4  0  0
 2  0      0 3704820  32452 565972    0    0     0  1072 6263 10625  8 44 45  3  0  0
 3  0      0 3703560  32652 567304    0    0     0  1164 5013 9212  5 51 39  5  0  0
 8  0      0 3700788  32872 568712    0    0     0  1128 5074 9299  5 49 40  6  0  0
 4  0      0 3698268  33056 570204    0    0     0  1144 5839 10069  8 44 43  4  0  0
 4  0      0 3696756  33252 571704    0    0     0  1240 5518 9746  5 47 44  4  0  0
 5  0      0 3694992  33364 573216    0    0     0   968 5720 10084  5 46 45  3  0  0
 7  0      0 3692976  33528 574660    0    0     0  1084 5525 9744  5 45 46  4  0  0
 7  0      0 3688440  33668 576228    0    0     0  1056 5697 10282  5 46 44  4  0  0
 5  0      0 3669288  33800 577724    0    0     0  1204 5176 9652 12 50 33  4  0  0
11  0      0 3650892  33960 579176    0    0     0  1088 5470 9823  5 47 43  5  0  0
 3  0      0 3631488  34120 580644    0    0     0  1016 5320 9665  5 49 41  4  0  0
10  0      0 3611328  34300 582116    0    0     0  1068 5621 10080  6 47 42  4  0  0
 5  0      0 3593436  34464 583604    0    0     0  1060 5665 9938  6 48 42  4  0  0
 1  0      0 3572268  34628 585204    0    0     0  1168 6003 10514  6 46 45  4  0  0
 5  0      0 3553620  34796 586824    0    0     0  1140 6084 10598  6 45 47  3  0  0
 1  0      0 3533460  34968 588348    0    0     0  1076 6078 10434  6 49 41  4  0  0
procs -----------memory---------- ---swap-- -----io---- -system-- -------cpu-------
 r  b   swpd   free   buff  cache   si   so    bi    bo   in   cs us sy id wa st gu
 6  0      0 3504984  35124 589940    0    0     0  1052 5951 10424  7 46 45  3  0  0
 0  0      0 3485832  35300 591352    0    0     0  1212 5256 9463  5 50 40  4  0  0
 7  0      0 3481296  35488 592792    0    0     0  1028 5294 9688  7 48 42  3  0  0
 4  0      0 3480540  35640 594272    0    0     0  1036 5971 10221  8 44 45  3  0  0
 5  0      0 3479028  35816 595848    0    0     0  1080 5721 10101  6 46 43  4  0  0
 3  0      0 3478020  35984 597304    0    0     0  1048 5731 9943  5 45 46  4  0  0
 3  0      0 3476256  36136 598756    0    0     0   940 5546 9779  8 46 42  4  0  0
 8  0      0 3475248  36280 600068    0    0     0 44448 3840 8047  5 59 25 11  0  0
 6  0      0 3474492  36424 601316    0    0     4  1452 4710 8791  5 43 49  3  0  0
 6  0      0 3472728  36600 602652    0    0     0  1088 4802 9077  7 46 45  3  0  0
 5  0      0 3471972  36772 604112    0    0     0  1060 5150 9624  5 50 41  4  0  0
 4  0      0 3470712  36920 605500    0    0     0   956 4996 9112  5 50 41  4  0  0
 8  0      0 3468948  37088 606928    0    0     0  2164 5535 9892  7 47 42  4  0  0
 7  0      0 3467940  37272 608380    0    0     0  1052 4972 9215  4 50 42  4  0  0
 3  0      0 3466428  37408 609860    0    0     0   996 5402 9807  6 46 44  4  0  0
 6  0      0 3464916  37564 611236    0    0     0   948 5470 9747  6 45 46  3  0  0
 7  0      0 3463404  37716 612776    0    0     0   928 5880 10117  6 44 45  4  0  0
 1  0      0 3461388  37880 614244    0    0     0  1084 5536 9897  5 48 44  4  0  0
11  0      0 3459876  38044 615776    0    0     0  1152 5793 10144  8 42 46  4  0  0
 2  0      0 3458112  38192 617380    0    0     0  1000 6184 10617 16 39 42  3  0  0
 3  0      0 3456096  38348 618712    0    0     0   924 5454 9535  6 47 43  4  0  0
procs -----------memory---------- ---swap-- -----io---- -system-- -------cpu-------
 r  b   swpd   free   buff  cache   si   so    bi    bo   in   cs us sy id wa st gu
 5  0      0 3454080  38496 620296    0    0     0   964 5523 9882  6 46 44  4  0  0
 4  0      0 3452316  38676 621976    0    0     0   992 6333 10976 13 41 43  3  0  0
 3  0      0 3451056  38852 623488    0    0     0  1140 6039 10238  6 45 45  4  0  0
 5  0      0 3449292  39016 625064    0    0     0   988 6131 10434  6 44 47  3  0  0
 6  0      0 3447528  39172 626512    0    0     0  1128 5485 9703  6 46 44  4  0  0
 4  0      0 3446016  39332 628040    0    0     0   944 5257 9644  5 48 43  4  0  0
 7  0      0 3444252  39472 629448    0    0     0   916 5502 9856  6 47 43  4  0  0
11  0      0 3441228  39696 631044    0    0     0  1156 5867 10512  8 44 45  3  0  0
 3  0      0 3440220  39872 632532    0    0     0  1028 5402 9787  6 46 44  4  0  0
 3  0      0 3438456  40064 634116    0    0     0  1128 6327 10707 14 41 42  3  0  0
 5  0      0 3436944  40216 635464    0    0     0   964 5374 9688  5 47 44  4  0  0
 3  0      0 3434928  40368 636912    0    0     0   924 5132 9546  6 47 44  3  0  0
 9  0      0 3433416  40552 638328    0    0     0  1176 5330 9726  5 49 42  4  0  0
 5  0      0 3431652  40724 639800    0    0     0  1072 4816 9010  5 51 40  5  0  0
 6  0      0 3430140  40900 641212    0    0     0   988 5134 9428  5 48 43  4  0  0
 0  0      0 3427116  41044 642288    0    0    40   920 4799 7874 10 29 58  4  0  0
