procs -----------memory---------- ---swap-- -----io---- -system-- -------cpu-------
 r  b   swpd   free   buff  cache   si   so    bi    bo   in   cs us sy id wa st gu
 0  0      0 4528796   5896 362692    0    0   223  1488 1823    3  2  3 95  0  0  0
 1  0      0 4527956   5928 362768    0    0     0   100 1548 1233  1  1 99  0  0  0
 2  0      0 4524680   5952 362768    0    0     0   496 1560 1108  1  1 98  0  0  0
 1  0      0 4440288   6112 369048    0    0  6480    32 6657 6461 16 10 71  3  0  0
 4  0      0 4408100   6136 372876    0    0   324    80 6925 10424 43 20 37  1  0  0
11  0      0 4383656   6152 374556    0    0     0    96 7756 9775 34 25 41  0  0  0
 5  0      0 4340564   6184 376388    0    0     0   212 7471 8781 34 22 43  0  0  0
 9  0      0 4308056   6216 378348    0    0     4   276 8501 9084 50 16 33  0  0  0
 2  0      0 4301784   6232 380032    0    0     0   108 6989 8269 41 18 42  0  0  0
 7  0      0 4290444   6248 381940    0    0     0    96 7402 8452 37 20 43  0  0  0
 6  0      0 4283136   6264 383564    0    0     0    96 6950 8053 25 27 48  0  0  0
10  0      0 4273336   6328 385144    0    0    68   376 6168 8488 20 36 43  1  0  0
 7  0      0 4267540   6356 386668    0    0     0   432 6294 8683 14 36 50  0  0  0
 1  0      0 4258712   6372 387928    0    0     0    96 5444 8107 12 41 46  0  0  0
 6  0      0 4244596   6388 389436    0    0     0    96 6022 8510 12 37 51  0  0  0
 9  0      0 4240312   6540 391048    0    0   136    96 6994 9284 24 29 46  1  0  0
 4  0      0 4232500   6572 392640    0    0     0   212 6951 9166 30 29 40  0  0  0
 8  0      0 4222924   6596 394144    0    0     0   444 6512 9097 12 35 52  1  0  0
 3  0      0 4212088   6612 395964    0    0     0    96 7157 10403 28 20 52  0  0  0
 1  0      0 4205284   6628 397356    0    0     0    96 5686 8835  7 32 60  1  0  0
 1  0      0 4186636   6644 399328    0    0     0    96 7543 10858 36 19 45  0  0  0
procs -----------memory---------- ---swap-- -----io---- -system-- -------cpu-------
 r  b   swpd   free   buff  cache   si   so    bi    bo   in   cs us sy id wa st gu
 4  0      0 4185628   6676 400664    0    0     0   200 5230 8325  6 33 61  0  0  0
 9  0      0 4185124   6700 402212    0    0     0   172 6241 9401 22 27 51  1  0  0
12  0      0 4188640   6716 403764    0    0     0    96 5657 8850  6 33 61  0  0  0
13  0      0 4178812   6732 405124    0    0     0    96 5668 8850 11 28 60  1  0  0
 7  0      0 4169740   6748 406500    0    0     0   108 5114 8159  5 34 61  0  0  0
 6  0      0 4168984   6780 407996    0    0     0   212 5193 8341  4 38 58  1  0  0
 4  0      0 4168228   6804 409212    0    0     0   136 5126 8198  5 35 59  0  0  0
 6  0      0 4167724   6820 410516    0    0     0   268 5026 8175  3 37 59  1  0  0
 7  0      0 4168280   6836 411924    0    0     0    96 5228 8385  4 35 61  0  0  0
 7  0      0 4169132   6852 413396    0    0     0    92 4877 8077  3 38 59  0  0  0
 7  0      0 4168900   6884 414632    0    0     0   192 5245 8417  4 38 58  1  0  0
 2  0      0 4168760   6908 416188    0    0     0   124 5283 8552  3 36 60  0  0  0
 3  0      0 4168020   6924 417616    0    0     0   164 5503 8739  3 34 63  0  0  0
 3  0      0 4167012   6940 418872    0    0     0    96 5251 8625  4 35 61  0  0  0
 4  0      0 4166256   6956 420332    0    0     0    96 4998 8274  4 36 59  0  0  0
 4  0      0 4165248   6988 421712    0    0     0   196 5048 8275  4 37 58  1  0  0
 7  0      0 4163736   7012 423020    0    0     0   120 4868 8109  4 39 57  0  0  0
 4  0      0 4157688   7028 424248    0    0     0 52396 3818 6835  5 47 44  4  0  0
 6  0      0 4157184   7044 425684    0    0     0   104 5300 8501  3 34 62  0  0  0
 7  0      0 4156680   7060 426828    0    0     8    96 5076 8235  4 37 58  1  0  0
 0  0      0 4155672   7092 428460    0    0     0   192 5384 8616  4 34 62  1  0  0
procs -----------memory---------- ---swap-- -----io---- -system-- -------cpu-------
 r  b   swpd   free   buff  cache   si   so    bi    bo   in   cs us sy id wa st gu
 2  0      0 4154916   7116 429676    0    0     0   132 4917 8076  4 38 58  0  0  0
 5  0      0 4153656   7132 431124    0    0     0    96 5300 8578  3 33 63  1  0  0
 4  0      0 4152396   7148 432476    0    0     0    96 4896 8200  3 38 58  1  0  0
 9  0      0 4151892   7164 433932    0    0     0    96 5187 8416  3 36 60  0  0  0
 3  0      0 4150380   7196 435304    0    0     0   208 5390 8488  5 33 61  1  0  0
 0  0      0 4149876   7220 436536    0    0     0   120 5525 8597  4 35 61  0  0  0
 3  0      0 4149120   7236 438040    0    0     0   212 5034 8195  3 37 59  1  0  0
 3  0      0 4147860   7252 439436    0    0     0    96 5467 8694  5 33 61  0  0  0
 4  0      0 4146600   7268 440880    0    0     0    96 5206 8485  4 36 60  0  0  0
 1  0      0 4145592   7300 442320    0    0     0   192 5590 8663  4 35 60  1  0  0
 0  0      0 4144080   7324 443712    0    0     0   148 5320 8537  4 32 63  1  0  0
 7  0      0 4142064   7340 445128    0    0     0   352 5186 8359  3 37 59  1  0  0
 6  0      0 4140552   7356 446452    0    0     0   104 5251 8370  3 34 63  1  0  0
 7  0      0 4139796   7372 447896    0    0     0    96 4977 8234  4 36 60  0  0  0
 1  0      0 4138536   7408 449292    0    0     4   252 4765 8057  3 41 55  1  0  0
 6  0      0 4136772   7432 450708    0    0     0   164 5390 8384  3 32 65  0  0  0
 5  0      0 4133496   7448 452000    0    0     0   104 5389 8676  3 33 64  0  0  0
 7  0      0 4132488   7464 453352    0    0     0   332 5188 8260  4 37 59  1  0  0
 3  0      0 4129716   7480 454804    0    0     0    96 5187 8345  4 35 61  0  0  0
 9  0      0 4128204   7512 456156    0    0     0   196 5013 8250  3 37 60  1  0  0
 3  0      0 4126944   7528 457520    0    0     0    96 5207 8315  2 36 61  0  0  0
procs -----------memory---------- ---swap-- -----io---- -system-- -------cpu-------
 r  b   swpd   free   buff  cache   si   so    bi    bo   in   cs us sy id wa st gu
10  0      0 4125432   7552 458608    0    0     0   312 5056 8265  4 34 62  0  0  0
 4  0      0 4123920   7568 460256    0    0     0   136 5027 8112 10 39 50  1  0  0
 3  0      0 4122660   7584 461660    0    0     0    96 5185 8306  4 36 59  1  0  0
 0  0      0 4121176   7608 462844    0    0     0   168 5142 8349  3 32 64  1  0  0
 3  0      0 4119412   7624 464460    0    0     0    96 5267 8396  4 33 63  0  0  0
13  0      0 4118152   7648 465668    0    0     0   144 4714 7773  5 40 55  0  0  0
 3  0      0 4117144   7664 466800    0    0     0 43000 4071 7232  4 46 47  3  0  0
 2  0      0 4115632   7680 468204    0    0     0   184 5042 8271  3 37 59  1  0  0
 6  0      0 4114120   7736 469604    0    0     0   352 5280 8448  7 35 57  2  0  0
 0  0      0 4112608   7752 471008    0    0     0    96 5304 8510  4 34 61  0  0  0
 4  0      0 4111348   7776 472508    0    0     0   148 4913 7897  4 39 56  1  0  0
 9  0      0 4109836   7792 473836    0    0     0   244 5419 8562  5 38 57  1  0  0
 5  0      0 4108324   7808 475384    0    0     0    96 5486 8572  6 33 61  0  0  0
 3  0      0 4106560   7840 476804    0    0     0   188 5522 8787  5 34 59  1  0  0
 5  0      0 4103032   7856 477836    0    0     0    96 5482 8512  5 34 61  0  0  0
 3  0      0 4102488   7880 479572    0    0     0   136 4967 8101  5 38 57  1  0  0
 5  0      0 4101732   7896 480708    0    0     0   252 5116 8300  4 38 57  0  0  0
 6  0      0 4099212   7912 482492    0    0     0    96 5497 8643  5 35 59  0  0  0
 8  0      0 4097952   7948 483944    0    0     0   212 5206 8385  5 37 57  1  0  0
 6  0      0 4096944   7964 485136    0    0     0    96 5135 8200  5 38 57  0  0  0
 3  0      0 4095180   7988 486752    0    0     0   144 5487 8561  6 34 59  1  0  0
procs -----------memory---------- ---swap-- -----io---- -system-- -------cpu-------
 r  b   swpd   free   buff  cache   si   so    bi    bo   in   cs us sy id wa st gu
 7  0      0 4093328   8008 488140    0    0     0   268 4926 8067  4 40 55  1  0  0
 5  0      0 4092824   8024 489560    0    0     0    96 5299 8542  5 38 57  1  0  0
 4  0      0 4091060   8056 491104    0    0     0   216 5354 8431  4 36 59  1  0  0
 8  0      0 4089800   8072 492572    0    0     0    96 5531 8623  6 35 59  0  0  0
 3  0      0 4087784   8100 494088    0    0     0   152 5591 8681  4 33 63  0  0  0
 4  0      0 4086776   8116 495600    0    0     0   220 5127 8297  4 40 55  1  0  0
 9  0      0 4085264   8132 496896    0    0     0   328 5470 8492  5 36 58  1  0  0
11  0      0 4083752   8164 498348    0    0     0   204 5239 8627  4 37 59  0  0  0
 2  0      0 4082492   8180 499736    0    0     0    96 5367 8656  3 32 63  1  0  0
 6  0      0 4080728   8204 501204    0    0     0   136 5198 8430  4 37 59  1  0  0
 1  0      0 4078964   8220 502588    0    0     0   204 5101 8274  3 36 60  1  0  0
 5  0      0 4077452   8236 503852    0    0     0   152 6051 9265  3 29 67  0  0  0
 4  0      0 4076192   8268 505660    0    0     0   216 5472 8697  4 34 62  0  0  0
 5  0      0 4074680   8284 507072    0    0     0    96 4652 7683  3 42 54  1  0  0
 4  0      0 4072916   8300 508304    0    0     0    96 5213 8393  3 36 61  0  0  0
 3  0      0 4071908   8324 509696    0    0     0   168 5431 8510  3 36 60  1  0  0
10  0      0 4071404   8352 511000    0    0     0 33976 4399 7589  3 41 53  3  0  0
 4  0      0 4069388   8416 512516    0    0     0  9884 4804 8030  5 40 53  2  0  0
 4  0      0 4065104   8432 513932    0    0     0    96 4963 7993  4 39 57  0  0  0
 6  0      0 4054520   8448 515412    0    0     0    96 5668 8857  3 33 63  0  0  0
 4  0      0 4046204   8472 516744    0    0     0   356 5464 8654  4 36 59  1  0  0
procs -----------memory---------- ---swap-- -----io---- -system-- -------cpu-------
 r  b   swpd   free   buff  cache   si   so    bi    bo   in   cs us sy id wa st gu
 5  0      0 4033604   8496 518312    0    0     0   164 5404 8594  4 35 60  1  0  0
 6  0      0 4023020   8528 519752    0    0     0   204 4842 7917  5 41 53  1  0  0
11  0      0 4007628   8544 521052    0    0     0    96 4690 7911  5 37 57  1  0  0
 7  0      0 4001496   8560 522340    0    0     0    96 4705 7805  5 38 56  0  0  0
 5  0      0 3991968   8576 523736    0    0     0    96 4834 7849  5 41 54  1  0  0
 6  0      0 3987824   8600 525080    0    0     0   144 4640 7859  4 38 57  1  0  0
 6  0      0 3981020   8632 526352    0    0     0   200 4456 7824  5 43 51  1  0  0
 4  0      0 3980172   8648 527452    0    0     0    96 5057 8091  4 38 58  0  0  0
 3  0      0 3979604   8664 529136    0    0     0    96 4768 8046  8 37 55  0  0  0
 6  0      0 3978596   8680 530308    0    0     0   288 5038 8012  4 36 60  0  0  0
 2  0      0 3976328   8704 531880    0    0     0   164 5132 8279  4 38 57  0  0  0
 3  0      0 3975068   8736 532864    0    0     0   188 5203 8429  4 36 59  1  0  0
 0  0      0 3973808   8752 534740    0    0     0    96 5270 8543  4 37 59  0  0  0
 6  0      0 3972296   8768 536188    0    0     0    96 5430 8495  3 35 61  1  0  0
 7  0      0 3971036   8784 537420    0    0     0    96 4939 7989  4 38 58  0  0  0
 7  0      0 3968768   8804 538820    0    0     0   284 4989 8203  4 37 58  1  0  0
 4  0      0 3967760   8840 540304    0    0     0   404 5217 8201  6 36 57  1  0  0
 6  0      0 3965996   8856 541812    0    0     0    96 5155 8331  5 36 58  1  0  0
 8  0      0 3964736   8872 542860    0    0     0    96 5531 8703  5 34 60  0  0  0
 8  0      0 3963224   8888 544592    0    0     0    96 4949 7913  6 38 56  0  0  0
18  0      0 3961964   8908 545816    0    0     0   288 5311 8406  4 36 59  1  0  0
procs -----------memory---------- ---swap-- -----io---- -system-- -------cpu-------
 r  b   swpd   free   buff  cache   si   so    bi    bo   in   cs us sy id wa st gu
 5  0      0 3959948   8944 547372    0    0     0   276 4573 7670  4 42 53  1  0  0
14  0      0 3958436   8960 548644    0    0     0    96 5254 8429  5 36 58  1  0  0
 2  0      0 3957428   8976 550048    0    0     0    96 4851 8004  5 39 55  1  0  0
 1  0      0 3956168   8992 551580    0    0     0    96 5138 8213  6 36 58  0  0  0
 2  1      0 3954152   9040 552528    0    0     0   396 5042 8267  4 38 56  2  0  0
 6  2      0 3953144   9064 554160    0    0     0 19888 4659 7851  4 42 53  2  0  0
 8  0      0 3951632   9112 555096    0    0     0 22612 4288 7301  3 43 52  2  0  0
 2  0      0 3949616   9128 556832    0    0     0    96 5258 8486  3 36 61  0  0  0
 1  0      0 3948252   9144 558388    0    0     0    96 5433 8482  3 35 61  1  0  0
 8  1      0 3940944   9176 559496    0    0     0   204 5575 8694  3 35 62  1  0  0
12  0      0 3931872   9200 561184    0    0     0   116 5230 8397  3 36 61  0  0  0
11  0      0 3922296   9216 562596    0    0     0    96 5009 8182  2 39 59  0  0  0
 7  0      0 3913224   9232 564172    0    0     0   112 5411 8648  3 36 61  0  0  0
 0  0      0 3900372   9248 565536    0    0     0    92 4702 7753  3 39 57  0  0  0
 8  1      0 3892308   9280 566744    0    0     0   348 4699 7673  2 42 55  1  0  0
 3  0      0 3886008   9304 568208    0    0     0   152 5039 8224  3 37 60  1  0  0
 4  0      0 3877692   9320 569300    0    0     0    96 4821 7862  3 41 55  1  0  0
 3  0      0 3867612   9336 570860    0    0     0    96 4832 7869  4 38 58  0  0  0
 5  0      0 3858036   9352 572312    0    0     0    96 5397 8506  3 37 60  1  0  0
 1  0      0 3849468   9384 573648    0    0     0   196 5261 8540  4 35 60  1  0  0
 5  0      0 3838884   9408 575124    0    0     0   120 5056 8190  5 37 58  0  0  0
procs -----------memory---------- ---swap-- -----io---- -system-- -------cpu-------
 r  b   swpd   free   buff  cache   si   so    bi    bo   in   cs us sy id wa st gu
 4  0      0 3838128   9424 576312    0    0     0    96 5230 8432  5 36 58  0  0  0
 7  0      0 3837988   9440 577780    0    0     0    96 4835 7943  5 37 57  1  0  0
 3  0      0 3836728   9456 579092    0    0     0    96 4608 7703  4 40 55  1  0  0
 4  0      0 3835972   9488 580428    0    0     0   188 5410 8638  3 32 64  1  0  0
 7  0      0 3834964   9512 581984    0    0     0   124 4856 8038  3 38 58  1  0  0
 1  0      0 3833956   9528 583056    0    0     0   328 4482 7568  3 42 55  0  0  0
 5  0      0 3833200   9544 584684    0    0     0    96 4848 7958  3 41 56  0  0  0
 0  0      0 3831436   9560 585696    0    0     0    96 4432 7558  3 41 56  1  0  0
 5  0      0 3830428   9592 587300    0    0     0   320 4744 7917  2 38 59  1  0  0
 9  0      0 3828916   9608 588796    0    0     0    96 5208 8461  3 37 60  0  0  0
 4  0      0 3827656   9632 590236    0    0     0   228 4955 8204  3 37 60  0  0  0
 2  0      0 3826144   9648 591412    0    0     0    96 4839 8023  3 39 58  0  0  0
 4  0      0 3824884   9664 592920    0    0     0    96 5027 8193  4 38 57  1  0  0
15  2      0 3823120   9696 594100    0    0     0   380 5092 8331  3 39 57  1  0  0
 7  0      0 3822112   9712 595700    0    0     0   100 5717 8902  4 34 63  0  0  0
 9  0      0 3820348   9736 597108    0    0     0  7212 5282 8280  6 37 57  0  0  0
 9  0      0 3818080  10164 598644    0    0   584 35188 4191 7453  5 51 40  4  0  0
 3  0      0 3816820  10180 599680    0    0     0    96 4587 7743  4 41 55  0  0  0
 7  0      0 3816064  10212 601304    0    0     0   192 4744 7951  3 40 56  0  0  0
 6  0      0 3814804  10228 602692    0    0     0   220 4936 8115  3 38 58  1  0  0
 1  0      0 3812788  10244 604256    0    0     0   112 5455 8696  3 36 61  0  0  0
procs -----------memory---------- ---swap-- -----io---- -system-- -------cpu-------
 r  b   swpd   free   buff  cache   si   so    bi    bo   in   cs us sy id wa st gu
 6  0      0 3812032  10268 605324    0    0     0   292 5151 8455  3 36 61  0  0  0
 5  0      0 3810268  10284 607016    0    0     0    96 5080 8196  3 37 59  0  0  0
 6  0      0 3808504  10316 608292    0    0     0   184 5112 8294  4 38 57  1  0  0
 4  0      0 3807748  10332 609812    0    0     0    96 5209 8311  3 36 60  0  0  0
 6  0      0 3804472  10348 611184    0    0     0    96 4760 7855  2 39 58  0  0  0
 8  0      0 3803212  10372 612548    0    0     0   144 5228 8353  3 36 60  1  0  0
 1  0      0 3801700  10388 613988    0    0     0   128 4891 8056  3 38 59  0  0  0
 3  0      0 3800440  10412 615328    0    0     0   168 5043 8247  4 37 58  1  0  0
 6  0      0 3798676  10428 616816    0    0     0    96 5008 8248  4 36 60  0  0  0
 5  0      0 3797668  10444 618196    0    0     0    96 4820 7922  3 39 58  0  0  0
 0  0      0 3795904  10468 619568    0    0     0   120 5502 8765  3 34 63  0  0  0
 6  0      0 3794896  10484 620732    0    0     0    96 4745 7879  2 43 55  0  0  0
 0  0      0 3793636  10516 622096    0    0     0   184 4898 7982  2 38 59  1  0  0
 6  0      0 3792628  10536 623628    0    0     0   372 4959 8037  3 37 59  1  0  0
 2  0      0 3790864  10552 625088    0    0     0    96 5197 8238  2 36 61  0  0  0
