procs -----------memory---------- ---swap-- -----io---- -system-- -------cpu-------
 r  b   swpd   free   buff  cache   si   so    bi    bo   in   cs us sy id wa st gu
 1  0     12 10840272   6284 291452    0    0   461  9799 4099   17  6 25 69  1  0  0
 0  0     12 10852376   6352 291532    0    0    36   104 1458 1152  0  0 99  0  0  0
 0  0     12 10859936   6368 291544    0    0     0   620 1331  855  0  1 98  0  0  0
 8  0     12 10839976   6524 297488    0    0  6392    32 6127 5541 16  9 73  2  0  0
14  0     12 10754336   7372 329136    0    0  1336  3732 6823 10850 41 28 28  3  0  0
 5  1     12 10651324   8344 370380    0    0   204  4368 7562 11117 35 34 25  6  0  0
 2  0     12 10572680   8376 410600    0    0    16   196 6260 6574 22 20 58  1  0  0
 8  0     12 10512744   8400 452044    0    0     0   176 6554 6278 19 21 60  0  0  0
 4  0     12 10448092   8416 492928    0    0     0 33424 6502 5999 31 21 48  0  0  0
14  0     12 10402804   8432 528608    0    0    64   404 6422 8014 34 18 47  0  0  0
 0  0     12 10350384   8448 571776    0    0     0    96 8097 8726 41 19 39  0  0  0
 5  0     12 10309344   8512 612636    0    0   152   432 6837 8262 26 27 47  1  0  0
11  0     12 10275812   8536 646584    0    0     0   168 5858 7440 17 25 57  1  0  0
 4  0     12 10240768   8552 686372    0    0     0 41056 6627 8130 23 37 40  0  0  0
 5  0     12 10199020   8636 723552    0    0    56 331128 4353 6960 20 54 25  2  0  0
 3  0     12 10103484   8652 764080    0    0     0   140 7593 8914 32 28 40  0  0  0
 6  0     12 10055412   8684 806992    0    0     0   200 8349 9702 41 24 35  1  0  0
 8  0     12 10016188   8708 848364    0    0     0   132 7345 8802 27 30 43  0  0  0
15  0     12 9975952   8724 888196    0    0     0    96 6969 8605 26 25 49  0  0  0
 6  0     12 9935928   8740 928296    0    0     0   144 7228 8644 28 29 43  0  0  0
 5  0     12 9835108   8756 969392    0    0     0    96 7179 8712 30 29 41  0  0  0
procs -----------memory---------- ---swap-- -----io---- -system-- -------cpu-------
 r  b   swpd   free   buff  cache   si   so    bi    bo   in   cs us sy id wa st gu
 6  0     12 9803888   8788 1005648    0    0     0   180 6872 8180 24 24 52  0  0  0
10  0     12 9727820   8812 1046044    0    0     0   132 6977 8381 26 27 46  1  0  0
10  0     12 9650452   8828 1084416    0    0     4    96 6835 8466 27 27 45  0  0  0
 3  0     12 9615728   8844 1124360    0    0     0   148 6887 8526 18 35 47  0  0  0
 9  0     12 9577212   8860 1165672    0    0     0    96 6279 8157 13 37 50  0  0  0
 2  0     12 9535196   8892 1206436    0    0     0   204 6481 8303 17 36 47  0  0  0
13  0     12 9462240   8916 1243652    0    0     0   144 6425 7762 13 32 54  1  0  0
 3  0     12 9376536   8952 1282624    0    0   680   180 5899 7642 16 41 41  3  0  0
 6  0     12 9286084   8968 1322116    0    0     0   256 6026 7733 10 43 47  0  0  0
14  0     12 9202904   8984 1360720    0    0     0    96 6062 7772 11 42 47  0  0  0
 8  0     12 9104124   9016 1400728    0    0     0   208 6195 8097  9 41 50  0  0  0
 3  0     12 9065952   9032 1441340    0    0   108    96 6570 8153 10 38 52  1  0  0
 2  0     12 9024656   9056 1481524    0    0     0   264 5798 7710 15 39 45  1  0  0
 2  0     12 8983628   9076 1520856    0    0     0   248 6150 7956 12 42 46  0  0  0
 2  0     12 8943528   9092 1560560    0    0     0    96 5771 7560  8 41 50  1  0  0
 5  0     12 8905084   9124 1597264    0    0     0   216 5676 7446  8 34 57  1  0  0
 4  0     12 8865700   9140 1637072    0    0     0    96 6068 7811 19 36 44  0  0  0
 2  0     12 8795944   9424 1677160    0    0   256   160 5976 7837 13 43 44  1  0  0
 1  0     12 8699068   9440 1717648    0    0     0   136 6922 8394 22 35 43  0  0  0
 0  0     12 8623788   9460 1755344    0    0    12   524 5755 7477  9 37 55  0  0  0
 6  0     12 8588280   9492 1794260    0    0     0 33072 5549 7590 11 45 43  1  0  0
procs -----------memory---------- ---swap-- -----io---- -system-- -------cpu-------
 r  b   swpd   free   buff  cache   si   so    bi    bo   in   cs us sy id wa st gu
 6  1     12 8552280   9508 1833400    0    0     0 57688 5687 7524  9 43 47  1  0  0
 3  0     12 8514768   9532 1869636    0    0     0 41196 5037 6828  7 47 45  1  0  0
 3  0     12 8474328   9548 1909428    0    0     0 33100 5739 7584  9 42 49  0  0  0
12  0     12 8438240   9568 1947788    0    0     0 204800 4307 6626 12 53 34  1  0  0
 6  0     12 8390004   9600 1983424    0    0     0 402656 3575 6155 10 64 22  3  0  0
 3  0     12 8347200   9616 2020968    0    0     0 444480 3641 6376 17 55 26  1  0  0
 6  0     12 8306176   9640 2060988    0    0     0   336 6152 8553 10 33 56  1  0  0
 3  0     12 8267716   9656 2098768    0    0     0    96 5471 7558  6 33 61  0  0  0
 5  0     12 8229304   9672 2138672    0    0     0   136 6024 8326  8 34 58  1  0  0
 0  0     12 8156332   9704 2178308    0    0     0   224 5846 8220  7 37 56  1  0  0
 1  0     12 8065828   9720 2219004    0    0     0    96 6088 8254  8 36 56  0  0  0
 6  0     12 7984884   9744 2255424    0    0     0 127792 5004 7175  8 40 50  1  0  0
 8  0     12 7896624   9764 2295420    0    0     0   112 5796 7942  9 36 55  1  0  0
 6  0     12 7805300   9780 2335312    0    0     0   140 5985 8256 10 35 55  0  0  0
 2  0     12 7720136   9812 2374212    0    0     0   224 5842 8117  7 34 58  0  0  0
 3  0     12 7630028   9828 2413844    0    0     0    96 5773 7817 10 35 54  1  0  0
12  0     12 7530824   9852 2451664    0    0     0   132 5930 7967  9 27 64  0  0  0
 4  0     12 7446232   9868 2491116    0    0     0   100 5663 7921  8 35 55  1  0  0
 1  0     12 7406960   9884 2531312    0    0     0   144 6265 8450  8 31 60  1  0  0
 2  0     12 7367740   9916 2570272    0    0     0   220 5665 7837  7 37 56  1  0  0
12  0     12 7329628   9932 2609532    0    0     0    96 5603 7882  6 36 57  0  0  0
procs -----------memory---------- ---swap-- -----io---- -system-- -------cpu-------
 r  b   swpd   free   buff  cache   si   so    bi    bo   in   cs us sy id wa st gu
13  0     12 7290808   9956 2648192    0    0     0   136 5491 7926  6 38 56  0  0  0
 5  0     12 7259308   9972 2687508    0    0     0    96 5591 7872  6 33 61  0  0  0
 9  0     12 7221056   9988 2727332    0    0     0   140 5969 8449  9 34 56  1  0  0
 5  0     12 7183188  10020 2767136    0    0     0   224 5822 8231  6 37 56  1  0  0
 8  0     12 7141784  10036 2807312    0    0     0    96 6164 8434  6 33 61  1  0  0
 8  0     12 7102552  10056 2846636    0    0     0   132 5590 7887  6 38 56  0  0  0
14  0     12 7063568  10076 2885064    0    0     0   100 5646 7848  7 37 56  1  0  0
 4  0     12 7021496  10092 2924860    0    0     0   136 5575 7845  8 37 55  1  0  0
 5  0     12 6981468  10140 2964144    0    0     0   352 6157 8582  7 34 59  1  0  0
 4  0     12 6941128  10156 3003740    0    0     0    96 5938 8209  6 32 61  0  0  0
10  1     12 6900080  10176 3043592    0    0     0   116 5788 8041  6 36 57  1  0  0
 4  0     12 6861804  10196 3082020    0    0     0   100 5493 7780  8 38 54  0  0  0
 3  0     12 6821976  10212 3121196    0    0     0 33316 5287 7546  7 41 51  1  0  0
 5  0     12 6782984  10244 3160800    0    0     0 45476 5578 8015  6 41 52  1  0  0
 6  0     12 6744036  10260 3199932    0    0     0 53532 5530 7840  7 41 51  1  0  0
 7  0     12 6683668  10284 3238996    0    0     0 49328 5288 7711  8 42 50  1  0  0
13  0     12 6594056  10300 3278512    0    0     0 90408 6066 8269  6 35 59  1  0  0
11  0     12 6508044  10316 3315992    0    0     0 424484 3725 6201  6 63 28  2  0  0
 6  0     12 6430340  10348 3352824    0    0     0 387984 3602 6184  6 66 24  4  0  0
 6  0     12 6342996  10364 3392060    0    0     0 95372 5006 7208  7 44 48  1  0  0
 3  0     12 6251692  10380 3432800    0    0     0   112 6327 8682  9 35 56  0  0  0
procs -----------memory---------- ---swap-- -----io---- -system-- -------cpu-------
 r  b   swpd   free   buff  cache   si   so    bi    bo   in   cs us sy id wa st gu
 4  0     12 6164356  10404 3471940    0    0     0   116 6202 8487  9 33 58  0  0  0
 4  0     12 6092572  10420 3512628    0    0     0    96 6120 8511  6 36 57  1  0  0
 7  0     12 6054964  10452 3551328    0    0     0   212 6253 8624  7 29 63  1  0  0
 4  0     12 6015484  10468 3591124    0    0     0 179912 5042 7649  7 43 50  1  0  0
 1  0     12 5974136  10484 3631224    0    0     0    96 5723 8066  7 38 54  0  0  0
 2  0     12 5934084  10508 3670828    0    0     0   124 5906 8178  6 32 61  1  0  0
 4  0     12 5896604  10524 3709504    0    0     0   104 5391 7579  6 40 54  1  0  0
 5  0     12 5855468  10556 3748680    0    0     0   208 6119 8619  6 33 61  1  0  0
 2  0     12 5817456  10572 3787992    0    0     0    96 5944 8232  6 36 58  0  0  0
 5  0     12 5776696  10588 3828508    0    0     0    96 6237 8451  6 36 57  0  0  0
 3  0     12 5737200  10612 3867968    0    0     0   112 5834 8237  7 36 56  1  0  0
 3  0     12 5696496  10628 3907948    0    0     0    96 5956 8464  6 35 59  0  0  0
 3  0     12 5653988  10660 3947976    0    0     0   228 5591 8060  6 36 57  1  0  0
 7  0     12 5615600  10676 3988464    0    0     0    96 6207 8502  6 33 60  1  0  0
 1  0     12 5576672  10692 4027832    0    0     0    96 5759 8088  7 35 58  0  0  0
 6  0     12 5534728  10716 4067892    0    0     0   124 6086 8452  6 34 60  1  0  0
11  0     12 5495676  10732 4107032    0    0     0    96 5456 7813  6 38 56  0  0  0
10  0     12 5454388  10764 4147292    0    0     0   284 5790 8094  6 38 54  1  0  0
 8  0     12 5414908  10780 4186056    0    0     0    96 5683 8088  6 36 58  0  0  0
 5  0     12 5376608  10796 4226768    0    0     0    96 5824 8150  7 37 56  1  0  0
 3  0     12 5334856  10812 4266480    0    0     0    96 5608 7887  7 38 55  0  0  0
procs -----------memory---------- ---swap-- -----io---- -system-- -------cpu-------
 r  b   swpd   free   buff  cache   si   so    bi    bo   in   cs us sy id wa st gu
 6  0     12 5294500  10836 4306188    0    0     0   136 5650 8001  6 36 57  0  0  0
11  0     12 5253192  10868 4347220    0    0     0   392 5981 8358  6 37 57  0  0  0
 5  0     12 5212804  10884 4387492    0    0     0    96 6667 8859  6 30 64  0  0  0
 5  0     12 5172416  10900 4428544    0    0     0    96 6790 9124  7 30 63  0  0  0
 4  0     12 5129896  10916 4468868    0    0     0 29216 5999 8272  6 36 57  1  0  0
 6  0     12 5072656  10944 4508584    0    0     0 37104 5832 8240  7 37 55  1  0  0
13  0     12 5032052  10976 4549760    0    0     0 48560 6051 8333  6 38 54  1  0  0
 5  0     12 4992188  10992 4589376    0    0     0 50504 5766 8039  6 39 55  1  0  0
 6  0     12 4954236  11008 4628396    0    0     0 148384 5094 7296  7 45 47  1  0  0
 8  0     12 4916792  11024 4665724    0    0     0 468368 3584 6265  6 65 25  3  0  0
 8  0     12 4879764  11048 4702152    0    0     0 345524 4058 6681  7 56 35  1  0  0
 5  0     12 4837820  11080 4743132    0    0     0   260 5975 8603  6 37 56  1  0  0
 5  0     12 4798256  11096 4782844    0    0     0    96 6087 8490  6 35 59  1  0  0
 4  0     12 4757044  11112 4822600    0    0     0   276 6038 8368  6 35 58  0  0  0
 2  0     12 4717008  11128 4863248    0    0     0    96 6181 8474  7 33 60  1  0  0
 5  0     12 4675428  11152 4904772    0    0     0   132 6355 8722  6 35 59  0  0  0
 2  0     12 4634060  11184 4944512    0    0     0 127496 5577 7884  6 41 52  1  0  0
 9  0     12 4595420  11200 4985448    0    0     0    96 6166 8423  7 33 59  1  0  0
