procs -----------memory---------- ---swap-- -----io---- -system-- -------cpu-------
 r  b   swpd   free   buff  cache   si   so    bi    bo   in   cs us sy id wa st gu
 1  0     12 10872120   6200 290756    0    0   465 12204 4144   17  6 25 68  1  0  0
 1  0     12 10876768   6276 290832    0    0    36   120 1414 1171  0  1 99  0  0  0
 1  0     12 10876768   6872 291524    0    0  1360   596 2040 1204  0  3 96  1  0  0
 3  0     12 10835060   7028 297680    0    0  6136    32 5620 5162 11  7 79  2  0  0
15  1     12 10611776   7712 366984    0    0  1592  3676 6592 10691 47 30 21  2  0  0
 4  1     12 10280264   8768 532920    0    0   160  5836 6612 14353 49 36 13  2  0  0
 9  0     12 10095292   8800 689284    0    0    60   228 6332 10500 40 25 35  0  0  0
 6  0     12 9928140   8824 818772    0    0     0 33468 5731 8422 27 28 44  0  0  0
 6  0     12 9783748   8848 962884    0    0     8    96 6362 9069 32 28 41  0  0  0
 6  0     12 9551940   8864 1119264    0    0    64    96 6374 13114 54 26 20  0  0  0
10  0     12 9378840   8904 1277516    0    0   152   276 7043 12702 40 33 26  0  0  0
11  0     12 9072984   8928 1413956    0    0     0 33028 6292 11543 29 36 34  0  0  0
15  0     12 8940680   9016 1538220    0    0     0 348536 4777 11198 32 52 17  0  0  0
15  0     12 8774492   9036 1629620    0    0     0 577772 3471 8408 26 58 15  1  0  0
 4  0     12 8556856   9052 1781212    0    0    56 169964 6594 12566 31 38 31  1  0  0
 7  0     12 8370736   9068 1962540    0    0     0    96 8105 14904 40 36 23  0  0  0
11  0     12 8134076   9100 2141840    0    0     0   232 8130 15304 39 37 24  0  0  0
12  1     12 7833896   9132 2299440    0    0     0   704 7291 12845 27 45 27  1  0  0
 7  1     12 7674384   9148 2454464    0    0     0    96 7191 12356 28 42 30  0  0  0
16  0     12 7551324   9156 2575812    0    0     0 299076 4832 10296 20 59 21  0  0  0
10  0     12 7442960   9172 2681088    0    0     0 502356 3389 8564 17 70 11  2  0  0
procs -----------memory---------- ---swap-- -----io---- -system-- -------cpu-------
 r  b   swpd   free   buff  cache   si   so    bi    bo   in   cs us sy id wa st gu
13  1     12 7257648   9204 2830832    0    0     0 104500 6557 12378 22 51 26  0  0  0
12  0     12 7000140   9232 2983144    0    0     4   220 7323 12545 22 45 33  0  0  0
10  0     12 6845496   9248 3137088    0    0     0    96 7615 12453 20 47 33  0  0  0
14  0     12 6617624   9264 3290404    0    0     0    96 7065 12134 22 50 28  0  0  0
18  0     12 6450408   9280 3438804    0    0     0 50720 6866 12100 21 52 26  1  0  0
 8  1     12 6158048   9312 3583180    0    0     0 163212 5948 11136 20 55 24  1  0  0
10  0     12 5875720   9336 3721280    0    0     0 160096 5623 11375 20 55 24  0  0  0
 8  0     12 5613604   9352 3853372    0    0     0 159884 5746 10871 19 49 32  0  0  0
13  0     12 5277808   9368 4014416    0    0     0 132824 6774 13362 29 49 23  0  0  0
12  0     12 5022328   9384 4176880    0    0     0 150096 6955 14240 30 44 26  0  0  0
17  0     12 4911576   9408 4285228    0    0     0 453128 3622 8909 14 67 17  2  0  0
 6  1     12 4793588   9432 4403000    0    0     0 472664 3950 10203 17 65 18  1  0  0
10  0     12 4608960   9456 4567860    0    0     0   316 7767 14015 23 40 37  0  0  0
 3  1     12 4351300   9472 4737292    0    0     0    96 8068 14164 22 42 35  0  0  0
 3  2     12 4180032   9500 4903064    0    0     0   220 7416 13497 21 43 35  0  0  0
 7  0     12 4029216   9512 5053508    0    0     0    52 6979 12327 17 42 40  0  0  0
11  0     12 3910784   9528 5169160    0    0     0 304596 4699 9975 18 57 24  1  0  0
10  0     12 3734272   9552 5341028    0    0     0 41736 7269 14022 23 42 34  0  0  0
16  0     12 3580136   9568 5491104    0    0     0 65996 7057 12681 19 48 33  0  0  0
10  0     12 3427220   9600 5641288    0    0     8 131360 6242 12493 18 50 31  0  0  0
 9  0     12 3279180   9616 5789000    0    0     0 131184 6283 11883 18 50 32  1  0  0
procs -----------memory---------- ---swap-- -----io---- -system-- -------cpu-------
 r  b   swpd   free   buff  cache   si   so    bi    bo   in   cs us sy id wa st gu
13  0     12 3142372   9636 5916620    0    0     0 228360 5050 10924 18 56 25  1  0  0
11  0     12 3038340   9656 6021776    0    0     0 488100 3427 8759 14 69 16  1  0  0
 4  0     12 2898720   9672 6159680    0    0     0 256640 4975 11650 16 57 26  0  0  0
 5  0     12 2741380   9704 6315956    0    0     0   244 7049 12924 18 46 35  1  0  0
 9  0     12 2580824   9720 6474564    0    0     0    96 7276 13118 21 44 34  0  0  0
 9  0     12 2419848   9736 6635836    0    0     0   164 7149 13335 19 46 35  0  0  0
 3  0     12 2260948   9760 6796148    0    0     0   132 6847 12838 18 47 34  0  0  0
 9  0     12 2144004   9776 6911976    0    0     0 395240 3965 10241 16 63 20  1  0  0
16  0     12 1988448   9808 7065988    0    0     0 161260 6204 12648 18 51 30  1  0  0
 5  0     12 1827744   9832 7227020    0    0     8    96 7210 13348 19 47 34  0  0  0
 7  0     12 1667696   9848 7383980    0    0     0 66124 7119 13294 20 47 32  1  0  0
11  0     12 1519100   9872 7530600    0    0     0 131504 5931 11905 17 50 33  0  0  0
13  0     12 1396216   9892 7652168    0    0     0 360148 4451 10064 19 59 21  1  0  0
13  0     12 1284928   9924 7764024    0    0     0 439092 3854 9033 14 68 17  1  0  0
11  0     12 1129684   9940 7914728    0    0     0 102768 6111 12225 18 49 32  1  0  0
 8  0     12 966512   9956 8074164    0    0     0    96 7422 13483 18 43 39  0  0  0
 5  0     12 814360   9988 8228508    0    0     0   240 6760 12509 19 47 34  1  0  0
14  0     12 665128  10004 8378540    0    0     0    96 6823 12519 17 41 41  0  0  0
12  0     12 514084  10036 8526648    0    0     0 140072 6006 11912 18 50 31  1  0  0
 2  0     12 379892  10052 8661364    0    0     0 304104 5105 11044 16 57 26  1  0  0
 8  0     12 226096  10068 8816928    0    0   168   112 7118 12936 19 45 35  0  0  0
procs -----------memory---------- ---swap-- -----io---- -system-- -------cpu-------
 r  b   swpd   free   buff  cache   si   so    bi    bo   in   cs us sy id wa st gu
 7  0     12 206240   6424 8842352    0    0     0 238868 4877 10814 22 53 21  4  0  0
 5  8     12 216124   6516 8830304    0    0     0 446108 3581 8507 14 64 15  7  0  0
 3  0     12 158952   6608 8884880    0    0     0 156336 6097 12530 21 51 26  2  0  0
 5  0     12 201040   6624 8841048    0    0     0   100 7233 13577 20 45 35  0  0  0
 4  0     12 142392   6640 8900608    0    0     0   124 7265 13284 21 44 35  0  0  0
 8  0     12 181964   6664 8854804    0    0     0   124 7513 13609 23 45 33  0  0  0
11  0     12 145816   6680 8896448    0    0     0 41384 6720 12389 17 47 36  0  0  0
10  0     12 200588   6732 8841840    0    0     0 135696 5681 11961 18 55 26  1  0  0
14  0     12 168688   6748 8874832    0    0     0 176344 5472 11171 18 54 28  1  0  0
16  0     12 165936   6796 8874116    0    0     0 377056 3370 9313 15 66 18  2  0  0
 9  0     12 148540   6836 8890972    0    0     0 403944 3348 9421 15 68 15  2  0  0
 5  0     12 189236   6864 8839432    0    0     0 45268 6906 13268 17 47 36  1  0  0
 6  0     12 236656   6896 8792388    0    0     0   260 7184 13151 18 45 37  0  0  0
 6  0     12 182308   6912 8847644    0    0     0   112 7288 13161 24 42 34  0  0  0
11  0     12 166556   6928 8864768    0    0     0   100 6789 12535 18 47 35  0  0  0
12  0     12 210916   6960 8816956    0    0     0 286884 4690 10496 16 60 22  1  0  0
12  0     12 205272   6988 8822268    0    0     0 361692 3499 9348 15 66 17  2  0  0
 8  0     12 162356   7020 8866000    0    0     0 81308 6501 12683 18 49 33  1  0  0
 6  0     12 206632   7036 8820096    0    0     0   120 7265 13290 19 47 34  0  0  0
 6  0     12 145200   7052 8879608    0    0     0   132 7355 13310 19 43 38  0  0  0
 5  0     12 197644   7072 8828408    0    0     0 93768 6681 12816 18 52 29  1  0  0
procs -----------memory---------- ---swap-- -----io---- -system-- -------cpu-------
 r  b   swpd   free   buff  cache   si   so    bi    bo   in   cs us sy id wa st gu
10  0     12 153272   7104 8874600    0    0     0 148924 6374 12322 18 50 31  1  0  0
 6  0     12 223764   7136 8805672    0    0     0 114984 5827 11445 17 52 30  0  0  0
 1  0     12 178628   7152 8844784    0    0     0 172192 5633 11347 17 54 28  1  0  0
10  0     12 131236   7168 8891144    0    0     0 118948 6610 12459 17 50 32  0  0  0
13  0     12 217508   7184 8807196    0    0     0 208376 4701 10573 15 58 27  1  0  0
12  0     12 211352   7208 8811472    0    0     0 320692 3398 8980 15 69 14  2  0  0
 4  1     12 214392   7248 8813312    0    0     0 293196 3414 9265 15 65 17  3  0  0
10  0     12 159784   7264 8859944    0    0     0 133416 5461 11334 18 53 27  1  0  0
 7  0     12 196808   7280 8823156    0    0     0   104 7848 14049 19 44 37  0  0  0
 4  0     12 145228   7296 8874604    0    0     0   316 7182 13030 17 43 40  0  0  0
 8  0     12 193204   7312 8829432    0    0     0   108 7339 13536 18 45 37  0  0  0
14  0     12 187732   7344 8832496    0    0     0 314260 3626 9233 12 66 19  2  0  0
 7  0     12 150192   7368 8869984    0    0     0 169664 5464 11161 15 53 31  1  0  0
 5  0     12 192552   7384 8825368    0    0     0   108 7325 13425 18 47 35  0  0  0
 3  0     12 145284   7400 8874548    0    0     0 66052 6414 12118 17 50 32  1  0  0
 5  0     12 214520   7416 8809268    0    0     0 131280 5659 11701 17 53 29  1  0  0
 9  0     12 182708   7448 8836648    0    0     4 254040 4830 10469 17 58 22  2  0  0
 7  0     12 190704   7472 8829892    0    0     0 373824 3247 8044 13 64 20  2  0  0
11  0     12 176776   7488 8839668    0    0     0 333168 3551 9511 16 65 16  2  0  0
 6  0     12 210036   7504 8794844    0    0     0   136 7597 13802 19 45 36  1  0  0
16  0     12 154944   7520 8851440    0    0     0   204 7567 13351 19 45 36  0  0  0
procs -----------memory---------- ---swap-- -----io---- -system-- -------cpu-------
 r  b   swpd   free   buff  cache   si   so    bi    bo   in   cs us sy id wa st gu
 6  0     12 197732   7552 8806512    0    0     0   288 7401 13638 17 44 38  0  0  0
 8  0     12 135548   7576 8865820    0    0     0  6260 7636 13551 19 43 37  0  0  0
14  0     12 202484   7592 8797600    0    0     0 331152 3522 8803 16 68 15  2  0  0
 9  0     12 187876   7608 8802676    0    0     0 140260 5560 12253 16 52 31  1  0  0
 6  0     12 223328   7624 8767040    0    0     0   108 7986 14236 19 45 35  0  0  0
13  0     12 183860   7660 8806488    0    0     0 103632 5989 11749 17 51 31  1  0  0
 9  0     12 145368   7684 8845924    0    0     0 147220 5606 11441 18 53 28  1  0  0
10  0     12 225172   7700 8764632    0    0     0 304744 4379 10109 17 61 21  1  0  0
 7  0     12 209356   7716 8767124    0    0     0 363704 3347 9057 15 69 14  2  0  0
 6  0     12 190868   7732 8798916    0    0     0 221428 5036 11159 16 58 25  1  0  0
 8  0     12 189008   7764 8803140    0    0     0   252 7475 13864 18 45 36  1  0  0
 5  0     12 192656   7788 8795264    0    0     0   188 6065 11449 15 39 46  0  0  0
 9  0     12 140040   7804 8847244    0    0     0   128 6835 12622 18 45 37  0  0  0
12  0     12 212500   7820 8777652    0    0     0 108548 6160 11838 17 52 30  1  0  0
 8  0     12 200636   7836 8787416    0    0     0 368504 3353 8775 14 67 14  4  0  0
10  0     12 172116   7868 8815008    0    0     0 221288 5106 11198 17 55 26  2  0  0
 7  0     12 210296   7892 8777800    0    0     0   156 7564 14129 23 45 31  0  0  0
 6  0     12 155660   7908 8832632    0    0    60   128 6851 13069 21 46 32  0  0  0
12  0     12 215416   7940 8771480    0    0     4 82516 6312 12382 19 51 30  1  0  0
12  1     12 197372   8052 8757704    0    0     0 288828 3218 8006 14 67 12  8  0  0
11  3     12 196488   8108 8710816    0    0     0 335492 2847 6336  9 65 11 15  0  0
procs -----------memory---------- ---swap-- -----io---- -system-- -------cpu-------
 r  b   swpd   free   buff  cache   si   so    bi    bo   in   cs us sy id wa st gu
 5  0     12 184328   8188 8552900    0    0     0 221876 4329 9580 17 57 18  7  0  0
 7  0     12 173112   8204 8565596    0    0     0    96 6906 13186 19 47 34  0  0  0
 5  0     12 179200   8220 8557396    0    0     0    96 7197 13243 17 45 38  0  0  0
 6  0     12 222252   8236 8517012    0    0     0   200 7444 13633 18 46 36  0  0  0
 7  0     12 174776   8296 8561272    0    0     0 58136 6289 12106 18 52 30  1  0  0
12  1     12 172756   8328 8562876    0    0     0 287044 3913 8916 14 65 20  1  0  0
 6  0     12 161540   8380 8572704    0    0     0 367680 3354 9603 15 67 17  1  0  0
13  0     12 133228   8416 8601756    0    0     0 210236 4958 10751 16 56 26  1  0  0
 5  0     12 179948   8432 8553936    0    0     0   340 7008 13276 16 49 34  1  0  0
13  0     12 163116   8464 8575208    0    0     0   228 7218 13318 18 47 35  0  0  0
 5  0     12 167480   8488 8567436    0    0     0   140 7443 13644 18 46 36  0  0  0
 8  0     12 145808   8512 8591520    0    0     0 183288 5183 10928 15 57 27  1  0  0
18  0     12 147292   8536 8587992    0    0     0 378180 3179 8222 14 70 14  2  0  0
 9  0     12 220632   8556 8517816    0    0     0 303460 4592 10681 20 61 18  1  0  0
 7  0     12 156848   8588 8578072    0    0     0   236 7117 13511 18 46 35  1  0  0
 8  0     12 205912   8612 8531696    0    0     0   112 7165 13344 16 47 37  0  0  0
12  0     12 144604   8628 8590640    0    0     0    96 7490 13263 17 45 37  1  0  0
 5  0     12 136688   8644 8600984    0    0    28 121228 5750 11167 23 50 27  0  0  0
 1  0     12 2208500   8644 8497484    0    0    16 386764 2790 2995 24 17 59  0  0  0
 1  0     12 2210260   8644 8497500    0    0     0     0 1622 1256  2  1 97  0  0  0
 1  0     12 2212264   8644 8497508    0    0     0     0 1411 1094  0  1 99  0  0  0
procs -----------memory---------- ---swap-- -----io---- -system-- -------cpu-------
 r  b   swpd   free   buff  cache   si   so    bi    bo   in   cs us sy id wa st gu
 1  0     12 2214148   8652 8497516    0    0     0    68 1120  853  0  0 99  0  0  0
 0  0     12 2215360   8660 8497524    0    0     0   100  963  724  1  1 99  0  0  0
 1  0     12 2215872   8660 8497532    0    0     0     0 1270  969  0  1 99  0  0  0
 0  0     12 2214892   8660 8497540    0    0     0     0 1134  769  0  1 99  0  0  0
 0  0     12 2215132   8668 8497540    0    0     0    20  942  647  0  0 99  0  0  0
 1  0     12 2215132   8668 8497548    0    0     0     0  748  448  0  0 100  0  0  0
 0  0     12 2215132   8668 8497548    0    0     0     0  924  567  0  1 99  0  0  0
 0  0     12 2215132   8668 8497548    0    0     0     4 1664  846  0  1 99  0  0  0
 0  0     12 2213640   8668 8497584    0    0     0     0 1134  741  0  0 99  0  0  0
 0  0     12 2213640   8676 8497592    0    0     0    20  912  591  0  1 99  0  0  0
 1  0     12 2213640   8676 8497592    0    0     0     0  758  509  0  0 100  0  0  0
 1  0     12 2213640   8676 8497608    0    0     0     0 1066  823  0  1 99  0  0  0
 1  0     12 2213456   8676 8497608    0    0     0     0 1514 1014  1  1 98  0  0  0
 2  0     12 2211948   8676 8497616    0    0     0     0 1263  808  0  1 99  0  0  0
 0  0     12 2211948   8684 8497616    0    0     0    20  949  635  0  0 99  0  0  0
 1  0     12 2211948   8684 8497624    0    0     0     0 1115  673  0  0 99  0  0  0
 4  0     12 2211948   8684 8497632    0    0     0   572 1284  888  0  1 98  0  0  0
 1  0     12 2212200   8684 8497644    0    0     0     0 1521 1040  0  1 99  0  0  0
 1  0     12 2212200   8684 8497652    0    0     0     0  946  550  0  0 100  0  0  0
 1  0     12 2212200   8692 8497652    0    0     0    36  946  568  0  0 99  0  0  0
 2  0     12 2212200   8692 8497660    0    0     0     0  921  579  0  0 100  0  0  0
procs -----------memory---------- ---swap-- -----io---- -system-- -------cpu-------
 r  b   swpd   free   buff  cache   si   so    bi    bo   in   cs us sy id wa st gu
 1  0     12 2212200   8700 8497652    0    0     0 326804 2422 1440  1 12 87  0  0  0
 0  0     12 2219508   8700 8497780    0    0     0     0 1281  793  0  1 99  0  0  0
 0  0     12 2219508   8708 8497780    0    0     0    68  791  502  0  1 99  0  0  0
 0  0     12 2219508   8708 8497784    0    0     0     0  631  382  0  0 100  0  0  0
 0  0     12 2219508   8708 8497788    0    0     0     0  772  539  0  0 100  0  0  0
 0  0     12 2218264   8708 8497804    0    0     0   272  752  444  0  1 99  0  0  0
 0  0     12 2218264   8716 8497816    0    0     0    76 1171  598  0  1 99  0  0  0
 1  0     12 2218264   8724 8497824    0    0     0    40  776  551  0  0 99  0  0  0
 1  0     12 2218264   8724 8497824    0    0     0     0  838  534  0  1 99  0  0  0
 1  0     12 2218264   8724 8497832    0    0     0     0 1120  799  0  1 99  0  0  0
 2  0     12 2218264   8724 8497840    0    0     0     0 1208  773  0  1 98  0  0  0
 0  0     12 2220212   8724 8497840    0    0     0     0  962  653  0  1 99  0  0  0
 0  0     12 2219216   8732 8497912    0    0     0    28  953  634  0  1 99  0  0  0
 2  0     12 2219216   8732 8497920    0    0     8     0  810  516  0  0 100  0  0  0
 1  0     12 2217452   8732 8497928    0    0     0     0 1061  627  0  1 99  0  0  0
 4  0     12 2217452   8732 8497928    0    0     0     0 1229  806  0  1 99  0  0  0
 1  0     12 2217452   8732 8497936    0    0     0     0  777  465  0  0 99  0  0  0
 1  0     12 2217452   8740 8497940    0    0     0    28  708  389  0  0 100  0  0  0
 1  0     12 2217452   8740 8497940    0    0     0     0  549  363  0  0 100  0  0  0
 5  0     12 2216444   8740 8497948    0    0     0     0 1558 1008  0  1 99  0  0  0
 0  0     12 2216444   8740 8497948    0    0     0     0  792  491  0  0 99  0  0  0
procs -----------memory---------- ---swap-- -----io---- -system-- -------cpu-------
 r  b   swpd   free   buff  cache   si   so    bi    bo   in   cs us sy id wa st gu
 1  0     12 2216444   8748 8497948    0    0     0    24  785  465  1  0 98  0  0  0
 0  0     12 2216444   8748 8497956    0    0     0     0  868  449  1  0 98  0  0  0
 0  0     12 2216192   8748 8497964    0    0     0     0  825  501  0  1 99  0  0  0
 0  0     12 2214680   8748 8497964    0    0     0     0 1064  550  0  1 99  0  0  0
 0  0     12 2214680   8752 8497976    0    0     0    44  760  382  0  0 99  0  0  0
 1  0     12 2214680   8760 8497968    0    0     0    56  777  484  0  0 100  0  0  0
 0  0     12 2214680   8760 8497968    0    0     0     0  637  461  0  1 99  0  0  0
 2  0     12 2214680   8760 8497984    0    0     0     0 1042  574  0  1 99  0  0  0
 0  0     12 2214440   8760 8498000    0    0     0     0 1049  625  0  1 99  0  0  0
 0  0     12 2214440   8760 8498008    0    0     0   236  734  388  0  1 99  0  0  0
 0  0     12 2214440   8768 8498008    0    0     0    44  833  449  0  0 100  0  0  0
 1  0     12 2214440   8768 8498008    0    0     0     0  663  436  0  0 100  0  0  0
 0  0     12 2213936   8768 8498068    0    0     0     0 1738 1091  2  2 96  0  0  0
 0  0     12 2212428   8768 8498068    0    0     0     0 1172  720  0  1 99  0  0  0
 0  0     12 2212428   8768 8498076    0    0     0     0  784  506  0  1 99  0  0  0
 0  0     12 2212428   8776 8498072    0    0     0   260  809  468  0  0 99  0  0  0
 1  0     12 2212428   8776 8498088    0    0     0     0  884  545  0  0 99  0  0  0
 0  0     12 2211672   8776 8498088    0    0     0     0 1221  597  1  1 99  0  0  0
 0  0     12 2211672   8776 8498088    0    0     0     0  940  532  0  1 99  0  0  0
 0  0     12 2211672   8776 8498096    0    0     0     0  768  416  0  1 99  0  0  0
 1  0     12 2211672   8784 8498088    0    0     0   184  806  422  0  0 100  0  0  0
procs -----------memory---------- ---swap-- -----io---- -system-- -------cpu-------
 r  b   swpd   free   buff  cache   si   so    bi    bo   in   cs us sy id wa st gu
 0  0     12 2219736   8784 8498108    0    0     4   176 1072  631  1  1 99  0  0  0
 0  0     12 2219484   8784 8498108    0    0     0     0 2009  567  0  1 99  0  0  0
 0  0     12 2217976   8784 8498116    0    0     0     0 1149  612  0  1 99  0  0  0
 0  0     12 2217976   8784 8498116    0    0     0     0  698  353  0  0 100  0  0  0
 0  0     12 2217976   8792 8498120    0    0     0    32  797  447  0  0 99  0  0  0
 1  0     12 2217976   8792 8498120    0    0     0     0  625  316  0  0 100  0  0  0
 4  0     12 2217976   8792 8498132    0    0     0     0  860  575  0  0 99  0  0  0
 0  0     12 2217976   8792 8498132    0    0     0     0 1117  661  0  1 99  0  0  0
 0  0     12 2217976   8792 8498132    0    0     0     0  586  333  0  0 100  0  0  0
 0  0     12 2217976   8800 8498132    0    0     0   132  637  352  0  0 100  0  0  0
 2  0     12 2217976   8800 8498140    0    0     0     0  559  311  0  0 100  0  0  0
 1  0     12 2217220   8800 8498140    0    0     0     0  862  460  0  0 99  0  0  0
 0  0     12 2217220   8800 8498140    0    0     0     0 1060  658  0  0 99  0  0  0
 0  0     12 2217220   8800 8498140    0    0     0     0  657  381  0  1 99  0  0  0
 0  0     12 2217220   8808 8498140    0    0     0    88  694  411  0  0 100  0  0  0
 1  0     12 2217220   8808 8498152    0    0     0     0  755  418  0  0 100  0  0  0
 1  0     12 2217220   8808 8498152    0    0     0     0 1184  593  0  1 99  0  0  0
 1  0     12 2216468   8808 8498152    0    0     0     0 1147  672  0  1 99  0  0  0
 0  0     12 2216468   8808 8498232    0    0     0     0  786  432  0  0 100  0  0  0
 1  0     12 2216468   8816 8498232    0    0     0   184 1017  502  0  0 100  0  0  0
 1  0     12 2216468   8816 8498232    0    0     0     0  829  484  0  0 100  0  0  0
procs -----------memory---------- ---swap-- -----io---- -system-- -------cpu-------
 r  b   swpd   free   buff  cache   si   so    bi    bo   in   cs us sy id wa st gu
 2  0     12 2215716   8816 8498240    0    0     0     0 1509  889  0  1 99  0  0  0
 1  0     12 2215716   8816 8498240    0    0     0     0  908  496  0  0 100  0  0  0
 0  0     12 2215716   8824 8498248    0    0     0   104 1219  918  0  1 99  0  0  0
 0  0     12 2215716   8824 8498252    0    0     0     0  794  372  0  0 100  0  0  0
 0  0     12 2215716   8824 8498260    0    0     0     0 1078  586  0  0 99  0  0  0
 1  0     12 2214708   8824 8498260    0    0     0     0 1303  818  0  0 99  0  0  0
 0  0     12 2214468   8824 8498268    0    0     0    48 1412  936  0  1 99  0  0  0
 0  0     12 2214468   8832 8498268    0    0     0    52 1041  544  0  1 99  0  0  0
 1  0     12 2214468   8832 8498268    0    0     0     0  802  369  0  0 100  0  0  0
 0  0     12 2214720   8832 8498276    0    0     0     0 1150  528  0  1 99  0  0  0
 0  0     12 2214720   8832 8498276    0    0     0     0 1103  618  0  1 99  0  0  0
 0  0     12 2214720   9176 8498228    0    0   356    40 1407  473  0  1 99  0  0  0
 2  0     12 2214720   9184 8498300    0    0     0    64  909  529  0  0 100  0  0  0
 7  0     12 2214720   9184 8498300    0    0     0     0  887  420  0  1 99  0  0  0
 3  0     12 2214720   9184 8498300    0    0     0     0  848  491  0  1 99  0  0  0
 4  0     12 2214468   9184 8498300    0    0     0     0  734  410  0  0 100  0  0  0
 0  0     12 2214468   9184 8498300    0    0     0    76  503  356  0  0 100  0  0  0
 5  0     12 2214468   9192 8498292    0    0     0    36  536  341  0  0 100  0  0  0
 3  0     12 2213208   9192 8498308    0    0     0     0  683  478  0  0 100  0  0  0
 2  0     12 2213208   9192 8498308    0    0     0     0  909  555  0  1 99  0  0  0
 0  0     12 2213208   9192 8498316    0    0     0     0  576  341  0  1 99  0  0  0
procs -----------memory---------- ---swap-- -----io---- -system-- -------cpu-------
 r  b   swpd   free   buff  cache   si   so    bi    bo   in   cs us sy id wa st gu
 0  0     12 2213208   9192 8498316    0    0     0    44  571  333  0  0 100  0  0  0
 1  0     12 2213208   9200 8498308    0    0     0    36  479  305  0  0 99  0  0  0
 0  0     12 2213208   9200 8498328    0    0     0     0 1129  497  0  1 99  0  0  0
 0  0     12 2213208   9200 8498328    0    0     0     0  732  501  0  1 99  0  0  0
 0  0     12 2213208   9200 8498328    0    0     0     0  610  330  0  0 100  0  0  0
 0  0     12 2213208   9200 8498328    0    0     0     0 1676 1379  1  1 98  0  0  0
 0  0     12 2213208   9208 8498368    0    0     0    24 1924 1749  1  2 97  0  0  0
