procs -----------memory---------- ---swap-- -----io---- -system-- -------cpu-------
 r  b   swpd   free   buff  cache   si   so    bi    bo   in   cs us sy id wa st gu
 1  1      0 10901124   5944 289536    0    0   462  3369 3696   14  5 20 74  1  0  0
 2  0      0 10907352   6020 289572    0    0    36   176 1348 1131  1  1 98  0  0  0
 2  0      0 10913180   6036 289572    0    0     0   460 1262  855  0  1 98  0  0  0
 7  0      0 10866652   6192 295944    0    0  6644    32 6524 5849 13 13 71  3  0  0
14  2      0 10807448   6868 307524    0    0  1080  3568 5815 10381 47 33 18  2  0  0
13  1      0 10757232   7792 323076    0    0     4  5376 6395 13694 52 38  7  3  0  0
10  1      0 10707680   8036 335876    0    0   220  1580 4873 9735 35 27 38  1  0  0
 5  2      0 10668788   8196 347880    0    0   164   132 5159 8206 33 23 44  1  0  0
11  0      0 10649648   8616 362032    0    0  1196    76 5539 8428 24 39 36  1  0  0
 3  0      0 10589000   8632 377980    0    0    64   100 6007 11277 38 34 28  0  0  0
17  0      0 10524768   8692 393932    0    0   152   360 6653 12123 41 29 30  0  0  0
 5  0      0 10489676   8724 406508    0    0     0   204 5391 11216 35 25 39  0  0  0
14  0      0 10464980   8740 422632    0    0     0    96 7128 13212 40 28 31  0  0  0
 5  0      0 10452664   8764 435256    0    0     0 17496 5576 11237 29 32 38  0  0  0
 5  1      0 10441324   8780 450800    0    0    56   100 6524 12378 31 36 33  0  0  0
 8  1      0 10419708   8796 467568    0    0     0   100 7347 13490 37 40 23  0  0  0
16  1      0 10406128   8828 482020    0    0     0   228 5574 10841 18 51 30  1  0  0
13  0      0 10390756   8844 496724    0    0     0    96 6461 11826 28 41 30  0  0  0
 5  0      0 10380736   8860 509136    0    0     0 33156 5193 9508 15 57 28  0  0  0
11  1      0 10384484   8884 519620    0    0     0 163980 3092 7489 12 70 16  3  0  0
13  0      0 10372948   8892 534048    0    0     0    48 6406 11670 24 47 29  0  0  0
procs -----------memory---------- ---swap-- -----io---- -system-- -------cpu-------
 r  b   swpd   free   buff  cache   si   so    bi    bo   in   cs us sy id wa st gu
11  0      0 10362112   8924 547520    0    0     0   232 5545 10163 13 47 39  1  0  0
 4  0      0 10351024   8940 561588    0    0     0    96 5704 10957 18 52 30  0  0  0
 4  0      0 10337444   8976 575600    0    0     4   576 5593 10528 13 56 31  0  0  0
 5  0      0 10317472   8992 589112    0    0     0   100 5298 9760  9 55 35  1  0  0
15  0      0 10305908   9032 602036    0    0     8   228 5542 10285 15 42 42  1  0  0
 8  0      0 10297928   9048 614100    0    0     0   108 5177 9690 11 46 44  0  0  0
 6  0      0 10281856   9064 626880    0    0     0    96 5565 10587  9 51 39  1  0  0
 7  0      0 10265028   9088 642556    0    0     0   248 6758 12703 15 47 37  1  0  0
 3  0      0 10250448   9104 655932    0    0     0   100 5416 10583  7 52 40  0  0  0
 3  0      0 10237124   9136 668964    0    0     0   232 5215 10170  8 53 38  1  0  0
 5  0      0 10223040   9152 682772    0    0     0    96 5659 10717  8 50 42  1  0  0
 2  0      0 10209936   9168 695716    0    0     0    96 5394 10550  8 52 39  0  0  0
 3  0      0 10196328   9192 709800    0    0     0   196 5279 10599 11 53 36  1  0  0
 8  0      0 10179948   9208 725468    0    0     0   104 6791 12703 16 42 42  0  0  0
13  0      0 10165364   9240 740448    0    0     0   232 6276 11944 14 48 37  1  0  0
12  0      0 10149516   9256 755104    0    0     0    96 6365 12098 18 45 37  0  0  0
 3  0      0 10135684   9272 768988    0    0     0    96 5442 10636  9 50 40  0  0  0
 8  0      0 10085788   9296 784680    0    0     0   388 7084 13259 22 44 33  1  0  0
 9  0      0 10040428   9312 797688    0    0     0   104 5298 10538  8 52 40  0  0  0
10  0      0 9992828   9344 811500    0    0     8   232 5441 10765  8 56 35  1  0  0
 6  0      0 9944444   9360 825384    0    0     0    96 6037 11268  9 49 41  0  0  0
procs -----------memory---------- ---swap-- -----io---- -system-- -------cpu-------
 r  b   swpd   free   buff  cache   si   so    bi    bo   in   cs us sy id wa st gu
 3  0      0 9889576   9376 840928    0    0     0    96 6842 12152 17 47 36  0  0  0
 5  1      0 9844468   9392 854024    0    0     0   260 5237 9961  7 54 39  1  0  0
 6  0      0 9798100   9420 867804    0    0     0   160 5423 10360  9 51 40  0  0  0
 7  0      0 9748508   9452 881476    0    0     0   388 5472 10755  8 54 37  1  0  0
 4  0      0 9713148   9468 894808    0    0     0    96 5772 10804  8 50 42  0  0  0
 4  0      0 9699596   9484 908812    0    0     0    96 5650 11007  8 53 38  0  0  0
 4  0      0 9684980   9500 923068    0    0     0   172 5475 10843 12 51 37  0  0  0
 6  0      0 9671412   9524 936148    0    0     0   128 5348 10364  8 51 40  0  0  0
 7  0      0 9657832   9568 949284    0    0     4 13244 5237 10432  7 57 35  2  0  0
10  0      0 9647304   9624 960008    0    0     0 169908 2941 7743  6 73 17  3  0  0
 7  1      0 9636956   9640 969844    0    0     0 186420 2896 7269  5 70 20  5  0  0
 1  0      0 9622128   9656 982544    0    0     0 74084 4677 9943  8 58 31  3  0  0
 6  0      0 9608016   9684 996668    0    0     0   148 5656 10951  8 52 39  0  0  0
 8  0      0 9594660   9716 1009996    0    0     0   228 5371 10854  8 51 40  1  0  0
 5  0      0 9581556   9732 1023584    0    0     0    96 5585 11053  8 52 40  0  0  0
 5  0      0 9566184   9748 1038804    0    0     0    96 6283 11772 13 50 37  0  0  0
 8  0      0 9552072   9764 1052700    0    0     0   148 5623 11153  8 52 40  0  0  0
10  0      0 9503668   9788 1066448    0    0     0   124 5529 10821  7 54 38  1  0  0
12  0      0 9456824   9820 1080168    0    0     0   228 5226 10086  8 52 39  1  0  0
 3  0      0 9407184   9836 1093764    0    0     0   104 5440 10620  8 53 38  1  0  0
 8  0      0 9360856   9852 1107220    0    0     0    96 5183 10225  6 54 39  0  0  0
procs -----------memory---------- ---swap-- -----io---- -system-- -------cpu-------
 r  b   swpd   free   buff  cache   si   so    bi    bo   in   cs us sy id wa st gu
 6  0      0 9313480   9868 1120516    0    0     0    96 5391 10628  8 54 38  0  0  0
 4  0      0 9275432   9896 1134456    0    0     0   196 5521 10664  8 52 40  1  0  0
 2  0      0 9262832   9928 1147812    0    0     0   228 5484 10660  7 53 39  1  0  0
 4  0      0 9248720   9944 1162380    0    0     0    96 5814 11285  9 51 40  1  0  0
10  0      0 9233108   9960 1176772    0    0     0    96 5434 10691  7 55 37  0  0  0
 2  0      0 9219780   9976 1190660    0    0     0   116 5601 10781  9 50 40  0  0  0
 7  0      0 9206700   9992 1204068    0    0     0   116 5574 10565  8 51 41  0  0  0
 5  0      0 9192844  10056 1217604    0    0     0   492 5321 10762  7 54 37  2  0  0
 4  0      0 9179740  10072 1231428    0    0     0    96 5667 10799  7 54 39  0  0  0
 7  0      0 9165164  10088 1245240    0    0     0    96 5761 11047  7 51 42  0  0  0
 5  0      0 9151304  10104 1259140    0    0     0    96 5570 10817  7 52 40  0  0  0
 7  0      0 9138200  10120 1272524    0    0     0   100 5458 10762  8 53 39  1  0  0
 7  0      0 9124844  10160 1285772    0    0     0   248 5221 10403  7 55 38  0  0  0
 1  0      0 9111488  10176 1299476    0    0     0    96 5645 10634  6 52 42  0  0  0
 5  0      0 9096644  10192 1313128    0    0     0    96 5487 10789  7 53 39  1  0  0
 3  0      0 9082532  10208 1326980    0    0     0   332 5472 10255  7 51 41  0  0  0
 5  0      0 9068168  10224 1341108    0    0     0   108 5645 10858  6 54 39  0  0  0
 3  0      0 9053860  10264 1355044    0    0     0   244 6085 11335  8 51 40  1  0  0
 5  0      0 9038264  10280 1369160    0    0     0    96 5708 10981  7 51 42  0  0  0
 5  0      0 9024908  10296 1382728    0    0     0   112 5255 10531  7 52 40  0  0  0
10  0      0 9011580  10312 1396240    0    0     0   688 5376 10469  7 53 39  1  0  0
procs -----------memory---------- ---swap-- -----io---- -system-- -------cpu-------
 r  b   swpd   free   buff  cache   si   so    bi    bo   in   cs us sy id wa st gu
15  1      0 9001940  10328 1406284    0    0     0 170804 3028 7543  8 68 21  3  0  0
15  0      0 8993740  10360 1415604    0    0     0 174532 2825 6800  5 68 21  6  0  0
 7  0      0 8980676  10376 1428000    0    0     0 87476 4296 9316  7 60 29  4  0  0
 3  0      0 8965128  10392 1441560    0    0     0    96 5664 10946  8 51 41  0  0  0
 2  0      0 8948748  10408 1454776    0    0     0   268 5357 10063 11 41 47  1  0  0
 6  0      0 8933388  10424 1469348    0    0     0   116 5674 10719  7 51 42  0  0  0
 9  0      0 8919332  10464 1482900    0    0     0   264 5570 10599  6 54 39  1  0  0
 8  0      0 8905232  10480 1497244    0    0     0    96 5534 10796  8 51 41  0  0  0
 6  0      0 8892128  10496 1510696    0    0     0    96 5566 10795  7 54 39  0  0  0
 3  0      0 8877764  10512 1524332    0    0     0    96 5424 10382  6 54 40  0  0  0
12  0      0 8865696  10528 1537616    0    0     0   124 5376 10346  7 52 40  0  0  0
 7  0      0 8854860  10568 1550968    0    0     0   264 5404 10287  7 51 41  1  0  0
 4  0      0 8844304  10584 1564220    0    0     0    96 5227 10047  7 52 41  0  0  0
 4  0      0 8830196  10600 1578028    0    0     0    96 5249 10329  6 53 40  0  0  0
 4  0      0 8816112  10616 1591492    0    0     0   100 5337 10416  6 54 39  1  0  0
10  0      0 8801760  10632 1605044    0    0     0   280 5328 10440  7 50 42  0  0  0
 7  0      0 8789160  10664 1618388    0    0     0   228 5269 10545  8 51 40  1  0  0
 7  0      0 8774556  10692 1632420    0    0     0   156 5761 10977  7 52 40  1  0  0
 6  0      0 8761200  10708 1645996    0    0     0    96 5176 10150  8 51 41  1  0  0
 7  0      0 8746584  10724 1660224    0    0     0    96 5720 10967  7 54 39  0  0  0
 2  0      0 8733228  10740 1674144    0    0     0   100 5137 10206  6 53 40  0  0  0
procs -----------memory---------- ---swap-- -----io---- -system-- -------cpu-------
 r  b   swpd   free   buff  cache   si   so    bi    bo   in   cs us sy id wa st gu
 7  0      0 8719016  10772 1688636    0    0     0   232 5682 10962  9 50 41  1  0  0
 9  0      0 8703688  10796 1702016    0    0     0   112 5653 11027  7 50 42  0  0  0
10  0      0 8691128  10812 1716420    0    0     0    96 5399 10882  7 53 39  0  0  0
 5  0      0 8677048  10828 1730112    0    0     0    96 5622 10787  7 51 42  0  0  0
 6  0      0 8662472  10844 1743852    0    0     0   100 5513 10347  7 53 40  1  0  0
 1  0      0 8648416  10876 1757444    0    0     0   228 5567 10510  6 53 40  1  0  0
 7  0      0 8634836  10900 1770100    0    0     0   132 5155 10107  7 53 40  0  0  0
 3  0      0 8614928  10916 1784488    0    0     0   300 5402 10733  6 57 37  0  0  0
 8  0      0 8562260  10932 1798440    0    0     0    96 5638 10530  9 53 38  1  0  0
 1  0      0 8514380  10948 1812580    0    0     0   100 5534 10588  7 52 41  0  0  0
 3  0      0 8464988  10980 1826772    0    0     0   232 5567 10827  7 53 38  1  0  0
 3  0      0 8419628  11004 1840180    0    0     0   112 5269 10010  6 55 38  1  0  0
10  0      0 8379048  11020 1851340    0    0     0 131932 3442 8242  8 70 20  3  0  0
 8  2      0 8347076  11036 1861420    0    0     0 183252 2907 7851  7 72 17  4  0  0
 1  0      0 8312456  11052 1872428    0    0     0 119828 3603 8119  5 66 23  6  0  0
 2  0      0 8264092  11084 1886148    0    0     0   340 5289 10463  7 56 36  1  0  0
 2  0      0 8215468  11100 1900324    0    0     0    96 5796 10849  7 51 42  1  0  0
 5  0      0 8163120  11124 1914552    0    0     0   132 5875 11262  7 53 39  0  0  0
