procs -----------memory---------- ---swap-- -----io---- -system-- -------cpu-------
 r  b   swpd   free   buff  cache   si   so    bi    bo   in   cs us sy id wa st gu
 1  0     12 10859744   4768 290816    0    0   468 17662 4182   17  7 25 68  1  0  0
 3  0     12 10860728   4940 290884    0    0   172    16 1189  948  0  1 99  0  0  0
 2  0     12 10863740   4948 290900    0    0     0    88 1336  863  0  1 99  0  0  0
 2  1     12 10839588   5088 297160    0    0  6656   296 6957 7067 17 10 70  3  0  0
15  0     12 10648868   5088 364656    0    0  1072  3096 6027 9944 44 34 21  2  0  0
 8  0     12 10369668   5088 510020    0    0     0  6652 5587 11842 42 40 14  3  0  0
 6  0     12 10200720   5088 640596    0    0   224  1676 5829 10775 38 29 32  1  0  0
 8  1     12 9978188   5092 796444    0    0     0    56 6612 10207 41 30 30  0  0  0
 4  0     12 9839884   5096 944600    0    0     0   676 6571 9888 37 31 32  0  0  0
11  0     12 9599628   5096 1087108    0    0    64    16 6013 11269 48 23 29  0  0  0
 9  0     12 9348556   5096 1247400    0    0   152  1112 7327 12915 37 36 26  0  0  0
15  0     12 9073468   5096 1361432    0    0     0 39132 5589 10290 30 35 34  1  0  0
 8  1     12 8893396   5104 1497736    0    0     0 161540 5375 12078 30 44 25  1  0  0
15  0     12 8774608   5104 1615864    0    0     0 129632 5470 10617 25 34 41  0  0  0
 8  0     12 8629576   5104 1754448    0    0    56 109640 6041 12126 28 39 33  0  0  0
 7  1     12 8474408   5104 1904468    0    0     0 147232 6354 13333 36 42 21  1  0  0
14  0     12 8298296   5104 2051900    0    0     0 159012 6479 12903 31 46 23  0  0  0
15  0     12 8007920   5112 2190384    0    0     0 151016 6558 12003 30 49 20  0  0  0
11  0     12 7769964   5112 2320712    0    0     0 190764 5640 11201 23 50 27  0  0  0
 9  0     12 7646384   5256 2448808    0    0   144 292252 5083 11323 27 57 16  1  0  0
11  0     12 7520256   5256 2573412    0    0     4 291184 4740 10302 19 58 22  1  0  0
procs -----------memory---------- ---swap-- -----io---- -system-- -------cpu-------
 r  b   swpd   free   buff  cache   si   so    bi    bo   in   cs us sy id wa st gu
 5  0     12 7196212   5256 2732680    0    0     0    16 7201 12656 21 49 30  0  0  0
 6  0     12 6854132   5264 2891608    0    0     0   108 7542 12940 24 47 28  0  0  0
14  0     12 6700932   5264 3030636    0    0     0 116732 6069 11108 19 53 27  0  0  0
11  0     12 6580468   5264 3151056    0    0     0 288248 4797 10322 18 62 19  1  0  0
15  0     12 6452332   5264 3273844    0    0     0 250624 4883 10152 18 59 21  2  0  0
 7  0     12 6299500   5264 3426856    0    0     0    16 6878 12194 22 47 31  0  0  0
10  0     12 6141368   5272 3584112    0    0     0    72 7462 12850 23 46 30  0  0  0
 9  0     12 6000580   5272 3721976    0    0     0 139420 5884 11372 21 52 27  0  0  0
12  0     12 5765648   5272 3854452    0    0     0 257928 5124 11409 19 61 20  0  0  0
11  0     12 5632456   5272 3981580    0    0     0 254000 4895 11031 19 60 20  1  0  0
11  0     12 5516696   5272 4099700    0    0     0 365112 4806 10542 19 52 27  1  0  0
 6  0     12 5376908   5280 4237872    0    0     0  5072 6508 11451 21 45 34  1  0  0
 8  0     12 5229112   5280 4384312    0    0     0    96 6847 12226 23 42 35  0  0  0
 4  0     12 5080344   5408 4534336    0    0   128    16 7341 13149 18 41 40  0  0  0
 7  0     12 4927268   5408 4687132    0    0     4 114756 6294 12759 23 47 30  1  0  0
 9  0     12 4781612   5408 4832180    0    0     0 157092 5870 12115 18 52 29  0  0  0
 3  1     12 4632572   5416 4979956    0    0     0 132084 6469 12230 18 48 34  1  0  0
 2  0     12 4480312   5416 5125052    0    0     0 143364 5966 11981 18 51 30  1  0  0
 9  0     12 4337716   5416 5269936    0    0     0 160244 5826 11791 17 51 31  0  0  0
 6  0     12 4182980   5416 5418724    0    0     8 118624 6468 12493 19 52 28  1  0  0
 3  0     12 3943772   5416 5566856    0    0     0 201096 6178 12952 23 50 27  1  0  0
procs -----------memory---------- ---swap-- -----io---- -system-- -------cpu-------
 r  b   swpd   free   buff  cache   si   so    bi    bo   in   cs us sy id wa st gu
 5  0     12 3793932   5424 5715648    0    0     0 114476 6589 12689 19 48 33  0  0  0
10  0     12 3655012   5428 5854992    0    0     0 153824 6170 11748 17 51 31  1  0  0
 9  0     12 3513600   5428 6002776    0    0     0 139980 6266 12547 17 51 30  1  0  0
 3  0     12 3368228   5428 6144212    0    0     4 155912 5882 11704 18 51 30  1  0  0
17  0     12 3246404   5428 6267624    0    0     0 313996 4718 10586 17 59 24  1  0  0
 9  0     12 3000732   5428 6405984    0    0     0 202724 5695 11811 17 54 28  1  0  0
10  0     12 2664992   5436 6565808    0    0     0   144 7281 13140 18 48 34  0  0  0
14  0     12 2445536   5436 6715324    0    0     0 77936 6503 12510 17 49 34  0  0  0
 3  0     12 2299480   5436 6861712    0    0     0 138928 6294 12481 19 50 29  1  0  0
 4  0     12 2163696   5436 6994392    0    0     0 279072 4950 11280 17 59 23  0  0  0
 6  0     12 2031832   5436 7129288    0    0     0 304084 4926 11225 15 59 25  1  0  0
 4  0     12 1889776   5444 7271052    0    0     0 90816 5957 11705 18 48 33  1  0  0
 3  0     12 1733600   5444 7423728    0    0     0    72 7078 12862 17 46 37  0  0  0
 8  0     12 1582044   5444 7570452    0    0     0 44820 6490 12365 18 48 33  1  0  0
 9  0     12 1448856   5444 7705188    0    0     0 219860 5440 11223 17 53 29  1  0  0
14  0     12 1307712   5444 7842060    0    0     0 298560 5074 11730 18 57 24  1  0  0
 4  0     12 1167148   5452 7980068    0    0     0 305120 4955 11893 17 58 24  1  0  0
 7  0     12 1025008   5452 8123028    0    0     0 142276 6619 12488 19 45 36  0  0  0
 6  0     12 873612   5452 8274592    0    0     4  3760 6791 12496 20 45 35  1  0  0
15  0     12 715736   5452 8432768    0    0     0    24 7196 13154 20 44 36  0  0  0
13  0     12 555304   5452 8591184    0    0     0 56692 7192 13097 18 47 35  0  0  0
procs -----------memory---------- ---swap-- -----io---- -system-- -------cpu-------
 r  b   swpd   free   buff  cache   si   so    bi    bo   in   cs us sy id wa st gu
11  0     12 416748   5460 8728080    0    0   168 240612 5716 11996 17 57 25  1  0  0
10  0     12 296552   5460 8849160    0    0     0 361992 4578 10745 17 56 24  2  0  0
 8  0     12 166856   5460 8978248    0    0     0 318420 4720 11209 19 56 21  4  0  0
 5  0     12 181444   1600 8968324    0    0     0 88500 6275 12469 19 48 33  1  0  0
 6  0     12 174312   1600 8967448    0    0     0    16 7186 13185 24 35 41  0  0  0
 8  0     12 219116   1608 8923544    0    0     0    76 7317 13211 18 46 36  0  0  0
11  0     12 174384   1608 8978720    0    0     0    96 7132 13179 19 45 36  0  0  0
 7  0     12 132960   1608 9019420    0    0     8 122832 6134 12369 17 52 30  1  0  0
13  0     12 190092   1608 8961720    0    0     0 122492 6074 12044 17 52 31  0  0  0
10  0     12 160008   1608 8992128    0    0     0 145208 5425 11045 17 55 28  1  0  0
19  0     12 229476   1616 8923876    0    0     0 196384 5264 11366 16 58 26  0  0  0
 5  0     12 197136   1616 8952932    0    0     0 274808 4875 10907 16 56 27  1  0  0
 9  0     12 142392   1616 9003752    0    0     0  3128 6680 12628 19 44 37  0  0  0
16  0     12 199888   1616 8947256    0    0     0 67684 6576 12370 19 48 33  0  0  0
 9  0     12 160144   1616 8986404    0    0     0 156612 5657 11886 16 54 30  0  0  0
 5  0     12 223596   1624 8925196    0    0     0 175884 6040 12329 17 52 31  1  0  0
 6  0     12 176860   1624 8970292    0    0     0 123280 6246 12423 17 52 29  1  0  0
 7  1     12 134300   1624 9012320    0    0     0 149740 5932 11851 17 53 30  1  0  0
13  0     12 184660   1624 8962096    0    0     0 128604 6625 13012 18 50 32  0  0  0
 8  0     12 153744   1624 8993316    0    0     0 142404 5605 11135 16 48 35  0  0  0
 6  0     12 214344   1632 8931768    0    0     0 153280 5663 11846 16 53 30  1  0  0
procs -----------memory---------- ---swap-- -----io---- -system-- -------cpu-------
 r  b   swpd   free   buff  cache   si   so    bi    bo   in   cs us sy id wa st gu
 6  0     12 169136   1632 8978020    0    0     0 116800 6205 12174 19 50 31  1  0  0
16  0     12 172080   1632 8973904    0    0     4 153856 5426 11493 18 56 26  1  0  0
 7  0     12 184624   1632 8953400    0    0     0 147828 5778 11881 16 54 29  0  0  0
 9  0     12 148884   1632 8988212    0    0     0 136088 5603 11380 16 54 29  1  0  0
11  0     12 207016   1640 8925732    0    0     0 140176 5766 12008 17 53 30  1  0  0
13  0     12 183564   1640 8954876    0    0     0 262476 4882 10849 16 60 23  1  0  0
10  0     12 155816   1640 8982548    0    0     0 156208 5174 10913 15 57 26  1  0  0
 6  0     12 205784   1640 8933024    0    0     0    16 7127 13083 17 46 37  0  0  0
 8  0     12 166568   1640 8972292    0    0     0 134392 5806 11744 16 52 31  1  0  0
 5  0     12 224784   1648 8913300    0    0     0 130844 6142 12120 18 50 31  1  0  0
11  1     12 187312   1648 8951432    0    0    60 147752 5720 12084 16 56 28  0  0  0
10  0     12 146780   1648 8990276    0    0    16 128380 6030 12001 17 53 30  1  0  0
 9  0     12 216712   1648 8921740    0    0     0 139280 5633 11481 17 53 29  0  0  0
10  0     12 178004   1648 8959508    0    0     0 139280 5764 11866 15 54 31  1  0  0
11  0     12 135820   1656 9001636    0    0     0 139332 6232 12005 18 50 32  0  0  0
 9  0     12 200480   1656 8937756    0    0     0 202276 5642 11620 17 58 24  1  0  0
10  0     12 154248   1656 8983576    0    0     8 104560 6060 12465 16 53 30  1  0  0
12  0     12 201424   2772 8926432    0    0  2012 130412 6127 12121 17 52 30  1  0  0
 6  0     12 157136   1988 8969376    0    0     0 151132 5649 11759 17 53 30  1  0  0
10  0     12 209668   1996 8918628    0    0     0 137704 6778 12776 17 51 32  1  0  0
 7  0     12 166812   1996 8960900    0    0     0 151872 5921 12107 18 53 29  0  0  0
procs -----------memory---------- ---swap-- -----io---- -system-- -------cpu-------
 r  b   swpd   free   buff  cache   si   so    bi    bo   in   cs us sy id wa st gu
15  0     12 136620   1996 8989216    0    0     0 256724 4635 10781 17 60 21  2  0  0
11  0     12 214612   1996 8914340    0    0     0 232212 4671 10985 17 59 23  1  0  0
 8  0     12 154024   1996 8972980    0    0     0    16 7672 13575 19 43 37  0  0  0
 7  0     12 212376   2004 8915244    0    0     0 77900 6402 12083 17 48 35  0  0  0
 5  0     12 171820   2004 8955676    0    0     0 136096 6043 11837 16 52 31  1  0  0
 6  0     12 139380   2004 8988456    0    0     4 123460 5537 11285 17 51 32  1  0  0
 9  0     12 201352   2004 8926800    0    0     0 147536 5971 12031 16 54 29  1  0  0
 7  0     12 166668   2004 8960764    0    0     0 139280 5382 11204 17 53 29  1  0  0
14  0     12 220484   2012 8906640    0    0     0 146800 6250 12495 18 52 29  0  0  0
 3  0     12 175364   2012 8949396    0    0     0 140912 6043 12144 18 52 30  0  0  0
10  0     12 147272   2012 8977376    0    0     4 199600 5327 11436 17 56 26  1  0  0
16  1     12 217012   2012 8908904    0    0     0 248800 4597 10992 16 63 21  1  0  0
 6  0     12 181884   2012 8941084    0    0     0 249416 5100 11862 21 55 23  0  0  0
12  0     12 147116   2012 8974376    0    0     0    24 7047 12877 17 46 36  0  0  0
 8  0     12 175688   2020 8945384    0    0     0    76 7107 13296 20 44 36  0  0  0
11  0     12 147128   2020 8973128    0    0     0 213076 4928 10587 15 59 25  1  0  0
 9  0     12 226936   2020 8894304    0    0     0 269636 4672 10965 15 61 23  1  0  0
11  1     12 205932   2020 8913408    0    0     4 297636 4387 10370 16 61 21  1  0  0
 9  0     12 182476   2020 8937044    0    0     0 339044 4406 10478 16 62 20  2  0  0
 4  0     12 162112   2028 8958440    0    0     4 202812 4789 10767 15 58 22  4  0  0
12  0     12 226924   2028 8894096    0    0     0 94824 5807 12065 16 53 29  2  0  0
procs -----------memory---------- ---swap-- -----io---- -system-- -------cpu-------
 r  b   swpd   free   buff  cache   si   so    bi    bo   in   cs us sy id wa st gu
 2  0     12 169220   2028 8955224    0    0     4    16 7428 13830 23 43 33  0  0  0
 9  0     12 212672   2028 8909480    0    0     0    16 7233 13275 18 47 35  0  0  0
 3  0     12 150324   2028 8970640    0    0     0    16 7111 13399 18 45 36  0  0  0
 4  0     12 201236   2036 8925896    0    0     0    72 7224 13207 17 46 37  0  0  0
 8  1     12 163036   2036 8963264    0    0     0 129072 5857 11903 17 54 28  2  0  0
 9  0     12 220524   2036 8907792    0    0     0 155596 5982 12420 17 53 30  0  0  0
12  0     12 185740   2036 8942064    0    0     0 118064 5734 11404 16 53 30  1  0  0
14  0     12 153416   2036 8972616    0    0     0 242336 4958 11125 15 59 25  1  0  0
 9  0     12 224400   2044 8903152    0    0     0 244968 4869 11073 16 61 22  1  0  0
 5  0     12 170968   2044 8956028    0    0     0  3248 6942 13011 18 45 36  1  0  0
 6  0     12 225944   2044 8900892    0    0     0 89316 6516 12527 16 50 34  0  0  0
 8  0     12 180108   2044 8945600    0    0     0 160696 6251 12447 17 52 30  1  0  0
 6  0     12 139872   2044 8987276    0    0     0 150732 5626 11725 17 53 30  0  0  0
 7  0     12 199368   2052 8927484    0    0     0 108308 6116 12335 17 49 33  1  0  0
 3  0     12 159588   2052 8967788    0    0     4 142572 5749 11602 18 55 27  1  0  0
 7  1     12 216340   2052 8909576    0    0     0 157476 5794 11997 17 54 28  0  0  0
14  0     12 177120   2052 8948296    0    0     0 146676 5730 11572 19 53 27  1  0  0
 7  1     12 138004   2052 8985600    0    0     0 165804 5533 11688 15 54 31  0  0  0
11  0     12 211392   2060 8913728    0    0     0 253352 4567 11151 17 60 22  1  0  0
 9  0     12 180464   2060 8942980    0    0     0 238408 4686 10968 18 58 23  1  0  0
12  0     12 181060   2060 8941940    0    0     0    16 7035 13012 19 46 36  0  0  0
procs -----------memory---------- ---swap-- -----io---- -system-- -------cpu-------
 r  b   swpd   free   buff  cache   si   so    bi    bo   in   cs us sy id wa st gu
 7  0     12 184400   2060 8939724    0    0     0 30600 6640 12214 17 49 34  0  0  0
10  0     12 150084   2060 8972700    0    0     0 147608 5679 11326 17 53 30  0  0  0
10  0     12 222680   2060 8900764    0    0     0 235668 4715 10694 15 60 24  1  0  0
10  2     12 188340   2068 8923504    0    0     8 257628 4619 11162 17 62 20  1  0  0
 0  0     12 1969828   2068 8938948    0    0    44 162576 3893 6055  8 30 62  0  0  0
 1  0     12 1965560   2068 8938964    0    0     0     0 1540 1206  0  1 99  0  0  0
 6  0     12 1964048   2072 8938960    0    0     0    80 1288  855  1  1 98  0  0  0
 0  0     12 1962800   2092 8938976    0    0     0    40 1425  973  0  1 99  0  0  0
 2  0     12 1962800   2092 8938984    0    0     0   172  879  551  0  1 99  0  0  0
 2  0     12 1962800   2092 8938992    0    0     0     0 1339 1003  0  1 99  0  0  0
 1  0     12 1962044   2092 8939000    0    0     0     0 1329  776  1  1 98  0  0  0
 0  0     12 1959780   2100 8939000    0    0     0    68 1246  778  0  1 99  0  0  0
 0  0     12 1959780   2100 8939008    0    0     0     0  869  562  0  0 99  0  0  0
 0  0     12 1959780   2100 8939016    0    0     0    92 1206  958  0  1 99  0  0  0
 0  0     12 1958520   2100 8939016    0    0     0     0 1280  747  0  1 99  0  0  0
 0  0     12 1957260   2100 8939024    0    0     0     0 1339  951  1  1 99  0  0  0
 3  0     12 1957260   2108 8939032    0    0     0    36  946  597  0  0 100  0  0  0
 0  0     12 1957260   2108 8939032    0    0     0     0  729  466  0  0 100  0  0  0
 1  0     12 1957260   2108 8939044    0    0     0    56  867  550  0  0 99  0  0  0
 1  0     12 1957008   2108 8939044    0    0     0     0 1283  765  1  1 98  0  0  0
 0  0     12 1957008   2108 8939060    0    0     0     0 1495 1136  0  1 98  0  0  0
procs -----------memory---------- ---swap-- -----io---- -system-- -------cpu-------
 r  b   swpd   free   buff  cache   si   so    bi    bo   in   cs us sy id wa st gu
11  0     12 1957008   2116 8939060    0    0     0    40  674  448  0  0 100  0  0  0
 3  0     12 1957008   2116 8939060    0    0     0     0 1033  610  0  1 99  0  0  0
 1  0     12 1957008   2116 8939068    0    0     0     0  898  554  0  1 99  0  0  0
 2  0     12 1957008   2116 8939076    0    0     0     0 1280  684  0  1 99  0  0  0
 1  0     12 1956504   2116 8939088    0    0     0     0 1138  751  0  1 99  0  0  0
 2  0     12 1956504   2124 8939096    0    0     0    20  951  614  0  1 99  0  0  0
 1  0     12 1956504   2124 8939096    0    0     0     0  924  588  0  0 99  0  0  0
 0  0     12 1956504   2124 8939100    0    0     0     0  746  425  0  0 100  0  0  0
 1  0     12 1956252   2124 8939108    0    0     0     0 1306  800  0  1 99  0  0  0
 3  0     12 1958796   2124 8939112    0    0     0     0 1570 1061  0  1 99  0  0  0
 3  0     12 1958796   2132 8939120    0    0     0    20 1161  768  0  1 99  0  0  0
 0  0     12 1958796   2132 8939128    0    0     0     0  948  699  0  0 99  0  0  0
 0  0     12 1958796   2132 8939128    0    0     0     0 1204  916  0  1 99  0  0  0
 0  1     12 1956784   2132 8939944    0    0     0 408192 2313 1182  1  6 90  3  0  0
 2  1     12 1955272   2132 8940368    0    0   196 203612 4311 2199  3 16 76  5  0  0
 4  1     12 1955272   2140 8940380    0    0     0 188904 3740 1829  0 14 81  4  0  0
 2  0     12 1955272   2140 8940392    0    0     0 98928 1987 1061  0  4 94  2  0  0
 1  0     12 1955272   2140 8940400    0    0     0     0  828  554  0  0 100  0  0  0
 1  0     12 1954516   2140 8940404    0    0     0     0 1007  577  0  1 99  0  0  0
 2  0     12 1954516   2140 8940412    0    0     0     0 1004  560  0  1 99  0  0  0
 1  0     12 1954516   2148 8940412    0    0     0    20  748  443  0  0 100  0  0  0
procs -----------memory---------- ---swap-- -----io---- -system-- -------cpu-------
 r  b   swpd   free   buff  cache   si   so    bi    bo   in   cs us sy id wa st gu
 0  0     12 1954516   2148 8940412    0    0     0     0  735  435  0  0 100  0  0  0
 1  0     12 1953256   2148 8940420    0    0     0     0 1076  590  0  1 99  0  0  0
 0  0     12 1953256   2148 8940420    0    0     0     0 1098  620  0  1 99  0  0  0
 1  0     12 1953256   2148 8940428    0    0     0     0  797  425  0  0 100  0  0  0
 2  0     12 1953256   2156 8940428    0    0     0    20  770  456  0  0 100  0  0  0
 1  0     12 1953256   2156 8940428    0    0     0     0  742  432  0  1 99  0  0  0
 1  0     12 1953256   2160 8940436    0    0     0   164 1102  625  0  1 99  0  0  0
 3  0     12 1953004   2160 8940440    0    0     0     0 1108  641  0  1 99  0  0  0
 0  0     12 1953004   2160 8940544    0    0     0     0  987  655  0  0 99  0  0  0
 0  0     12 1953004   2168 8940544    0    0     0    68 1051  733  0  1 99  0  0  0
 2  0     12 1953004   2168 8940552    0    0     0     4  914  484  0  0 100  0  0  0
 0  0     12 1952000   2168 8940552    0    0     0   216 1375  744  0  1 99  0  0  0
 0  0     12 1950992   2168 8940552    0    0     0     0 1047  643  0  1 99  0  0  0
 0  0     12 1950992   2168 8940612    0    0     0     0  577  374  0  0 100  0  0  0
 0  0     12 1950992   2176 8940620    0    0     0    52  868  604  0  0 99  0  0  0
 0  0     12 1950992   2176 8940620    0    0     0     0  615  341  0  0 100  0  0  0
 0  0     12 1947212   2176 8940624    0    0     0   132 1002  505  0  1 99  0  0  0
 0  0     12 1947212   2176 8940632    0    0     0     0 1333  610  0  1 99  0  0  0
 0  0     12 1947212   2176 8940632    0    0     0     0  764  401  0  0 100  0  0  0
 0  0     12 1947212   2184 8940632    0    0     0    48  794  453  0  0 99  0  0  0
 0  0     12 1947212   2184 8940640    0    0     0     0  832  529  0  0 99  0  0  0
procs -----------memory---------- ---swap-- -----io---- -system-- -------cpu-------
 r  b   swpd   free   buff  cache   si   so    bi    bo   in   cs us sy id wa st gu
 0  0     12 1946708   2184 8940640    0    0     0     0 1053  562  0  1 99  0  0  0
 0  0     12 1953376   2184 8940736    0    0     4     0 1337  762  1  1 99  0  0  0
 0  0     12 1953376   2184 8940736    0    0     0     0  635  328  0  0 100  0  0  0
 0  0     12 1953376   2192 8940736    0    0     0    40 1347  922  0  1 99  0  0  0
 0  0     12 1953376   2192 8940736    0    0     0     0  717  399  0  0 99  0  0  0
 0  0     12 1953376   2192 8940752    0    0     0     0 1179  559  0  1 99  0  0  0
 0  0     12 1953376   2192 8940760    0    0     0   100 1708 1133  0  1 99  0  0  0
 0  0     12 1953376   2192 8940760    0    0     0     0  671  335  0  0 99  0  0  0
 0  0     12 1953376   2200 8940768    0    0     0    52  947  543  0  0 100  0  0  0
 0  0     12 1953376   2200 8940768    0    0     0     0 1165  850  0  1 99  0  0  0
 0  0     12 1953376   2200 8940768    0    0     0     0  896  502  0  1 99  0  0  0
 0  0     12 1952876   2200 8940776    0    0     0    72  970  655  0  1 99  0  0  0
 0  0     12 1952876   2200 8940776    0    0     0     0  771  429  0  0 99  0  0  0
 0  0     12 1952876   2208 8940776    0    0     0    36  746  495  0  1 99  0  0  0
 0  0     12 1952876   2208 8940776    0    0     0     0 1158  874  0  0 99  0  0  0
 0  0     12 1952372   2208 8940784    0    0     0     0  826  515  0  1 99  0  0  0
 0  0     12 1952372   2208 8940796    0    0     0    44 1083  601  0  1 99  0  0  0
 0  0     12 1952372   2208 8940796    0    0     0     0  543  332  0  0 100  0  0  0
 0  0     12 1952372   2216 8940796    0    0     0    40  609  408  0  0 99  0  0  0
 0  0     12 1952372   2216 8940796    0    0     0     0  731  323  0  0 100  0  0  0
 0  0     12 1952372   2216 8940804    0    0     0     0  850  488  0  1 99  0  0  0
procs -----------memory---------- ---swap-- -----io---- -system-- -------cpu-------
 r  b   swpd   free   buff  cache   si   so    bi    bo   in   cs us sy id wa st gu
 0  0     12 1952372   2216 8940804    0    0     0    48 1073  590  0  1 99  0  0  0
 0  0     12 1952372   2216 8940804    0    0     0     0  688  406  0  0 100  0  0  0
 0  0     12 1952372   2224 8940812    0    0     0    36  808  436  0  0 100  0  0  0
 0  0     12 1952372   2224 8940812    0    0     0     0  669  361  0  0 100  0  0  0
 0  0     12 1952372   2224 8940812    0    0     0     0 1256  637  0  1 99  0  0  0
 0  0     12 1952132   2224 8940840    0    0     0    40 1116  621  0  1 99  0  0  0
 0  0     12 1952132   2224 8940840    0    0     0     0  597  340  0  0 100  0  0  0
 0  0     12 1952132   2232 8940840    0    0     0    40  758  457  0  0 100  0  0  0
 0  0     12 1952132   2232 8940840    0    0     0     0  718  380  0  0 100  0  0  0
 0  0     12 1952132   2232 8940848    0    0     0     0 1334  622  0  1 99  0  0  0
 0  0     12 1952132   2232 8940848    0    0     0    48 1382  925  0  1 98  0  0  0
 0  0     12 1952132   2232 8940856    0    0     0     0  569  307  0  0 100  0  0  0
 0  0     12 1952132   2240 8940856    0    0     0   232  614  317  0  0 99  0  0  0
 1  0     12 1952132   2240 8940856    0    0     0    40  659  377  0  0 99  0  0  0
 0  0     12 1952132   2240 8940856    0    0     0     0  814  496  0  1 99  0  0  0
 0  0     12 1952132   2240 8940868    0    0     0    48  984  599  0  1 99  0  0  0
 0  0     12 1952132   2240 8940868    0    0     0     0  837  429  0  0 99  0  0  0
 0  0     12 1952132   2248 8940860    0    0     0    40  734  390  0  0 100  0  0  0
 0  0     12 1952132   2248 8940876    0    0     0     0  810  397  0  0 100  0  0  0
 0  0     12 1952132   2248 8940876    0    0     0     0 1064  623  0  1 99  0  0  0
 1  0     12 1951632   2248 8940876    0    0     0    52  876  601  0  0 99  0  0  0
procs -----------memory---------- ---swap-- -----io---- -system-- -------cpu-------
 r  b   swpd   free   buff  cache   si   so    bi    bo   in   cs us sy id wa st gu
 0  0     12 1951632   2248 8940876    0    0     0     0  625  357  0  0 100  0  0  0
 0  0     12 1951632   2256 8940884    0    0     0    36  888  475  0  0 99  0  0  0
 1  0     12 1951632   2256 8940884    0    0     0     0 1143  824  0  1 99  0  0  0
 0  0     12 1951632   2256 8940892    0    0     0     0 1389  775  1  1 98  0  0  0
 2  0     12 1951632   2256 8940960    0    0     0     0  792  468  0  1 100  0  0  0
 0  0     12 1951632   2256 8940992    0    0     0   160  924  657  0  0 100  0  0  0
 3  1     12 1951632   2260 8940996    0    0     0    68  608  334  0  0 100  0  0  0
 0  0     12 1951632   2264 8941004    0    0     0     4 1168  885  0  1 99  0  0  0
 0  0     12 1951632   2264 8941012    0    0     0     0  794  481  0  1 99  0  0  0
 2  0     12 1950372   2264 8941012    0    0     0    88 1182  634  0  0 99  0  0  0
 3  0     12 1950372   2264 8941012    0    0     0     0  841  379  0  1 99  0  0  0
 0  0     12 1950372   2272 8941012    0    0     0    52  655  449  0  0 100  0  0  0
 0  0     12 1950372   2272 8941020    0    0     0     0  609  371  0  0 100  0  0  0
 0  0     12 1949868   2272 8941020    0    0     0     0  929  541  0  1 99  0  0  0
 0  0     12 1949868   2272 8941032    0    0     0     0 1002  677  0  1 99  0  0  0
 2  0     12 1949868   2272 8941032    0    0     0    60  913  639  0  1 99  0  0  0
 1  0     12 1949868   2280 8941056    0    0     0    40 2887 2719  2  2 96  0  0  0
