procs -----------memory---------- ---swap-- -----io---- -system-- -------cpu-------
 r  b   swpd   free   buff  cache   si   so    bi    bo   in   cs us sy id wa st gu
 1  0      0 10914036   4452 288484    0    0   465  3818 3755   14  5 21 73  1  0  0
 2  0      0 10913784   4492 288576    0    0    40    16 1356 1111  0  1 99  0  0  0
 3  1      0 10903548   4500 288576    0    0     0   460 1298  861  1  1 98  0  0  0
 7  0      0 10882392   4644 295060    0    0  6652    28 7103 7178 15 11 72  2  0  0
 4  0      0 10827544   4644 308580    0    0   180    24 6473 11302 46 25 29  0  0  0
18  0      0 10753008   4644 324000    0    0     0   148 6932 11197 40 24 36  0  0  0
11  0      0 10717504   4644 337396    0    0     0    16 6137 8919 31 24 45  0  0  0
 2  0      0 10665848   4644 355732    0    0     0    16 8221 12140 48 28 24  0  0  0
10  0      0 10642916   4652 370432    0    0     0   192 6820 9587 29 39 32  0  0  0
 4  0      0 10620768   4652 382984    0    0     0    16 5627 8126 18 36 45  0  0  0
12  0      0 10598844   4652 395160    0    0   160   460 4976 8076 15 40 44  1  0  0
12  0      0 10566084   4792 407884    0    0   136    16 5611 9821 27 28 45  0  0  0
10  0      0 10525288   4800 423676    0    0    12    80 6396 10926 35 39 26  0  0  0
11  0      0 10501432   4800 438676    0    0     0    16 6971 11182 33 37 29  0  0  0
 7  0      0 10479760   4800 452612    0    0     0    16 6053 9710 21 44 35  0  0  0
 7  0      0 10466656   4800 465776    0    0     0   272 5307 8971 10 52 38  0  0  0
 3  0      0 10452796   5340 478692    0    0  1360    16 4930 8829  6 55 38  1  0  0
 6  0      0 10440000   5348 491120    0    0     0    48 4894 8600  8 53 39  0  0  0
 5  0      0 10434164   5348 503636    0    0     0    16 4640 8353  6 55 39  0  0  0
 5  0      0 10421340   5348 515964    0    0     0    16 5036 8706  6 54 39  0  0  0
 6  0      0 10409244   5348 527920    0    0     0   268 4796 8637  8 52 39  1  0  0
procs -----------memory---------- ---swap-- -----io---- -system-- -------cpu-------
 r  b   swpd   free   buff  cache   si   so    bi    bo   in   cs us sy id wa st gu
 6  0      0 10397148   5348 540356    0    0     0    16 4942 8659  8 54 39  0  0  0
 7  0      0 10383568   5356 553416    0    0     0    36 5648 9247 15 47 38  1  0  0
 8  0      0 10371472   5356 565556    0    0     0    16 4668 8306  6 54 40  0  0  0
 7  0      0 10358928   5356 577672    0    0     0    20 4931 8608  7 49 43  0  0  0
 4  0      0 10345908   5356 590048    0    0     0   268 4773 8598  9 51 40  0  0  0
 8  0      0 10333336   5356 602800    0    0     0    24 4684 8685  7 53 39  0  0  0
 3  0      0 10319504   5364 615664    0    0     0    36 5438 9543  6 47 47  0  0  0
 6  0      0 10306932   5364 628444    0    0     0    24 5193 9073  5 49 45  0  0  0
 4  0      0 10281732   5364 641216    0    0     0    16 5106 9161  6 49 46  0  0  0
 7  0      0 10270140   5364 653064    0    0     0   300 4556 8456  4 53 43  1  0  0
 7  0      0 10258968   5364 666292    0    0     0    16 5184 9201  5 50 45  0  0  0
 4  0      0 10245416   5372 678552    0    0     0    36 5173 8945  5 48 47  0  0  0
 7  0      0 10233092   5372 691552    0    0     0    48 5124 8999  5 48 46  0  0  0
 6  0      0 10202376   5372 703624    0    0     0    16 4732 8715  4 48 47  0  0  0
 4  0      0 10162812   5372 715784    0    0     0   276 5098 9036  5 47 47  0  0  0
11  0      0 10125348   5372 727920    0    0     0    16 4960 8695  5 50 45  0  0  0
 6  0      0 10086064   5380 740444    0    0     0    40 5068 8903  5 51 44  0  0  0
 8  0      0 10057392   5380 753864    0    0     0    16 5311 9477  8 48 44  0  0  0
 4  0      0 10045296   5380 765892    0    0     0    16 4985 8853  6 49 45  0  0  0
 9  0      0 10032960   5380 778636    0    0     8   268 5129 8988  6 49 45  1  0  0
 7  0      0 10019616   5380 790968    0    0     0    16 5072 8989  6 48 46  0  0  0
procs -----------memory---------- ---swap-- -----io---- -system-- -------cpu-------
 r  b   swpd   free   buff  cache   si   so    bi    bo   in   cs us sy id wa st gu
10  0      0 10005336   5388 804552    0    0     0    40 5354 9421  9 46 45  0  0  0
 5  0      0 9992256   5388 816340    0    0     0   220 4796 8538  5 50 45  0  0  0
 5  0      0 9979152   5388 829404    0    0     0    16 5070 8981  5 50 45  0  0  0
 5  0      0 9965068   5388 842236    0    0     0   268 5013 9055  5 50 45  1  0  0
 4  0      0 9953224   5388 854452    0    0     0    16 4954 8872  6 47 47  0  0  0
 5  0      0 9925252   5396 867372    0    0     0   252 5132 9084  6 51 43  0  0  0
 2  0      0 9886736   5396 879816    0    0     0   160 4973 8937  5 50 44  1  0  0
 4  0      0 9847688   5396 892352    0    0     0    16 5030 8860  5 50 45  0  0  0
 3  0      0 9807872   5396 905168    0    0     0   268 5452 9381  5 50 45  0  0  0
 7  0      0 9768084   5396 918108    0    0     0    16 5064 9008  5 51 44  0  0  0
 7  0      0 9727764   5404 931168    0    0     0    60 5237 9340  5 50 45  0  0  0
 9  0      0 9693520   5404 943640    0    0     0    96 5224 9271  7 44 49  0  0  0
 7  0      0 9681928   5404 955840    0    0     0    24 4839 8587  4 51 45  0  0  0
 2  0      0 9669580   5404 968500    0    0     0   272 5216 9246  5 48 47  0  0  0
 3  0      0 9656980   5404 980824    0    0     0    16 4921 8681  4 49 47  0  0  0
 7  0      0 9644128   5412 993512    0    0     0    60 5056 9089  6 50 44  0  0  0
 5  0      0 9631052   5412 1006308    0    0     0    16 5467 9479  6 47 46  0  0  0
 4  0      0 9618704   5412 1018620    0    0     0    80 4732 8495  5 52 43  0  0  0
 6  0      0 9606132   5412 1031160    0    0     0   272 4932 8912  5 49 46  0  0  0
 1  0      0 9592048   5412 1044604    0    0     0    16 5411 9513  6 48 45  0  0  0
 2  0      0 9578972   5412 1057400    0    0     0    16 4717 8709  5 50 45  0  0  0
procs -----------memory---------- ---swap-- -----io---- -system-- -------cpu-------
 r  b   swpd   free   buff  cache   si   so    bi    bo   in   cs us sy id wa st gu
 6  0      0 9566624   5420 1069896    0    0     0    40 4975 8826  5 50 45  0  0  0
11  0      0 9553296   5420 1083084    0    0     0    16 5249 9250  8 46 46  0  0  0
 6  0      0 9539968   5420 1095572    0    0     0   272 5126 8992  5 49 45  1  0  0
 4  0      0 9527368   5420 1108740    0    0     0    16 5387 9438  5 45 50  0  0  0
 6  0      0 9514264   5420 1121456    0    0     0    16 5083 8986  5 47 48  0  0  0
 5  0      0 9501664   5428 1134144    0    0     0    32 4638 8479  5 51 44  0  0  0
 6  0      0 9461344   5428 1147452    0    0     0    16 5392 9447  6 48 46  0  0  0
12  0      0 9421080   5428 1160076    0    0     0   472 4832 8900  5 51 42  1  0  0
 7  0      0 9381516   5436 1173064    0    0     8    16 4907 9131  4 48 47  0  0  0
 7  0      0 9338676   5436 1186088    0    0     0    16 5315 9290  8 49 43  0  0  0
 7  0      0 9323808   5444 1198816    0    0     0    68 5275 9445 14 42 43  0  0  0
 9  0      0 9310956   5444 1211408    0    0     0    16 4983 8959  6 48 46  0  0  0
 3  0      0 9298608   5444 1223972    0    0     0   272 5271 9119  5 48 47  1  0  0
 4  0      0 9290364   5444 1236632    0    0     0    16 5163 9258  6 47 46  0  0  0
 9  0      0 9276756   5444 1249436    0    0     0    16 5125 9111  5 50 45  0  0  0
13  0      0 9264408   5452 1262080    0    0     0    44 4755 8578  4 50 46  0  0  0
 4  0      0 9250616   5452 1274772    0    0     0    16 5067 8933  5 49 46  0  0  0
 5  0      0 9238044   5452 1286936    0    0     0   268 4897 8693  4 48 47  1  0  0
 4  0      0 9224436   5452 1301044    0    0     0    20 5390 9559  5 48 47  0  0  0
 9  0      0 9211584   5452 1313716    0    0     0    16 4847 8727  5 51 45  0  0  0
 6  0      0 9198256   5460 1326912    0    0     0    40 5159 9153  5 47 47  1  0  0
procs -----------memory---------- ---swap-- -----io---- -system-- -------cpu-------
 r  b   swpd   free   buff  cache   si   so    bi    bo   in   cs us sy id wa st gu
11  0      0 9185936   5460 1339432    0    0     0 12304 4967 8899  5 50 45  0  0  0
 3  0      0 9172608   5460 1352588    0    0     0 12600 5441 9593  6 48 46  1  0  0
 5  0      0 9162196   5460 1364508    0    0     0  9576 4546 8385  5 52 42  1  0  0
 3  0      0 9149636   5460 1376264    0    0     0 16860 4266 8143  5 52 43  0  0  0
 4  0      0 9136796   5468 1388384    0    0     0 16416 4824 8704  5 53 42  0  0  0
 6  0      0 9124448   5468 1400776    0    0     0    48 4892 8785  5 50 46  0  0  0
 6  0      0 9112128   5468 1412376    0    0     0 78172 3927 7810  5 58 35  2  0  0
 2  0      0 9098016   5468 1425980    0    0     0    16 5191 9276  5 47 48  0  0  0
10  0      0 9085164   5468 1439128    0    0     0    16 5702 9692  5 46 49  0  0  0
 7  0      0 9073068   5476 1451380    0    0     0    44 4886 8753  4 50 45  0  0  0
10  0      0 9060720   5476 1463676    0    0     0    92 4936 8777  4 50 46  0  0  0
 3  0      0 9047616   5476 1476536    0    0     0   264 5174 9299  5 49 46  0  0  0
 4  0      0 9035296   5476 1488776    0    0     0 16400 4701 8676  5 51 43  1  0  0
 8  0      0 9022496   5476 1501040    0    0     0 16400 4943 8692  5 51 43  1  0  0
10  0      0 9010176   5484 1513236    0    0     0    40 5049 9002  4 48 48  0  0  0
10  0      0 8997856   5484 1525392    0    0     0 20756 4491 8285  4 53 42  1  0  0
 8  0      0 8985284   5484 1537376    0    0     0 27812 4498 8417  5 54 41  1  0  0
10  0      0 8972948   5484 1549724    0    0     0    16 4900 8749  5 49 45  0  0  0
10  0      0 8960600   5484 1562016    0    0     0  7836 4707 8623  4 50 46  0  0  0
 8  0      0 8948504   5484 1574372    0    0     0  8732 4936 9019  5 51 44  0  0  0
 6  0      0 8935904   5492 1586964    0    0     0 16556 5047 8967  4 51 44  1  0  0
procs -----------memory---------- ---swap-- -----io---- -system-- -------cpu-------
 r  b   swpd   free   buff  cache   si   so    bi    bo   in   cs us sy id wa st gu
 7  0      0 8923556   5492 1599008    0    0     0 16876 5127 8905  6 50 45  0  0  0
 2  0      0 8910704   5492 1612132    0    0     0    16 5148 9106  5 49 46  0  0  0
 4  0      0 8899140   5492 1623500    0    0     0 70896 3924 7491  4 58 37  1  0  0
 2  0      0 8886316   5492 1635796    0    0     0    16 4688 8518  4 51 45  0  0  0
 6  0      0 8872708   5500 1648816    0    0     0    56 5180 9091  4 48 47  0  0  0
 8  0      0 8860892   5500 1661132    0    0     0   576 4813 8770  4 49 46  1  0  0
 3  0      0 8848544   5500 1673332    0    0     0    24 5058 8866  4 48 47  0  0  0
 5  0      0 8835692   5500 1686292    0    0     0  8332 5084 9110  5 52 43  0  0  0
 4  0      0 8822840   5500 1698776    0    0     0 24592 4869 8731  7 50 42  0  0  0
11  0      0 8810744   5508 1711244    0    0     0    32 4637 8526  4 48 48  0  0  0
 2  0      0 8798172   5508 1723184    0    0     0 25200 4793 8615  5 51 44  0  0  0
 5  0      0 8786076   5508 1735964    0    0     0    16 5010 8901  5 48 47  0  0  0
 8  0      0 8773476   5508 1747804    0    0     0 12412 4702 8639  5 51 43  0  0  0
12  1      0 8761884   5508 1759624    0    0     0 68436 4391 8302  4 58 37  1  0  0
10  1      0 8751076   5516 1770432    0    0     0 154544 3214 7013  4 68 27  2  0  0
 5  0      0 8743176   5516 1780948    0    0     0 164404 3108 6948  4 67 26  3  0  0
11  0      0 8732396   5516 1791640    0    0     0 146884 3360 7262  5 66 28  2  0  0
 2  0      0 8719584   5516 1803984    0    0     0 66808 4519 8368  4 53 42  1  0  0
