procs -----------memory---------- ---swap-- -----io---- -system-- -------cpu-------
 r  b   swpd   free   buff  cache   si   so    bi    bo   in   cs us sy id wa st gu
 1  0      0 10892104   5040 289584    0    0   472  4424 3844   15  5 22 72  1  0  0
 7  0      0 10893192   5040 289660    0    0     0    44 1352 1097  0  0 99  0  0  0
 2  0      0 10897060   5040 289692    0    0     0    16 1047  750  0  0 99  0  0  0
 7  0      0 10854920   5192 296252    0    0  6696    96 6235 5948 15 11 72  3  0  0
 9  0      0 10777804   5752 308572    0    0  2488  3080 5603 9838 49 31 17  3  0  0
17  3      0 10734700   5752 325664    0    0     0  4616 6586 13980 47 36 13  4  0  0
 5  0      0 10682576   5752 340668    0    0   220   712 6714 10970 38 26 35  1  0  0
 4  0      0 10626156   5752 361020    0    0     0    16 8280 13091 58 22 20  0  0  0
 6  1      0 10592920   5760 372740    0    0     0    64 5265 7606 17 31 52  0  0  0
12  0      0 10541288   5760 387364    0    0    64   184 6403 10839 33 31 35  0  0  0
 3  0      0 10477532   5760 402648    0    0     0    16 6196 12228 45 27 28  0  0  0
 7  0      0 10453648   5760 418108    0    0   152   444 6535 12885 42 25 33  0  0  0
 7  0      0 10435504   5760 433784    0    0     0    16 7146 14089 38 30 32  0  0  0
13  0      0 10422400   5772 446164    0    0     4   528 5489 10440 23 34 43  0  0  0
11  0      0 10400980   5772 462104    0    0    56    16 7192 12833 31 41 28  0  0  0
 4  0      0 10387372   5772 474176    0    0     0    16 5461 9969 18 36 45  0  0  0
 5  0      0 10373008   5772 488932    0    0    16   280 6636 11474 20 45 35  0  0  0
10  0      0 10358420   5772 503164    0    0     0    16 6132 11276 24 48 28  0  0  0
 9  0      0 10344084   5780 517248    0    0     0    40 5854 10662 15 47 37  0  0  0
 4  0      0 10330000   5780 530604    0    0     0    16 6108 11151 25 45 30  0  0  0
 9  0      0 10318748   5780 544508    0    0     0    16 5887 10564 18 47 34  0  0  0
procs -----------memory---------- ---swap-- -----io---- -system-- -------cpu-------
 r  b   swpd   free   buff  cache   si   so    bi    bo   in   cs us sy id wa st gu
 9  0      0 10304136   5780 558524    0    0     4   276 5737 10968 17 51 32  0  0  0
 8  0      0 10290780   5780 571740    0    0     0    16 5360 10211 13 53 34  0  0  0
 5  0      0 10277676   5788 585068    0    0     0    40 5390 10257 10 57 33  0  0  0
 7  0      0 10259532   5788 598964    0    0     0    16 5970 10782 16 47 37  0  0  0
 5  0      0 10245672   5788 612472    0    0     0    16 5642 10536 14 51 35  0  0  0
 8  0      0 10233324   5788 625488    0    0     0   280 5487 10248 11 52 37  0  0  0
 8  0      0 10220952   5788 638724    0    0     0    16 5212 9954  9 52 39  0  0  0
 5  0      0 10205860   5796 652464    0    0     0   176 5527 10453 16 51 33  0  0  0
 2  0      0 10171336   5796 664148    0    0     0    20 5084 9603  8 45 47  0  0  0
 6  0      0 10145156   5796 677148    0    0     0    16 5190 10078  8 52 40  0  0  0
 3  0      0 10132556   5796 690368    0    0     0   316 5313 10240  8 51 40  1  0  0
 6  0      0 10092544   5796 703904    0    0     0    16 5833 11020  9 46 45  0  0  0
17  0      0 10045952   5804 716652    0    0     0   356 5367 10365  7 46 46  1  0  0
 8  0      0 9993816   5804 730480    0    0     0    16 5942 11067 11 50 38  0  0  0
 6  0      0 9934344   5804 746376    0    0     0    20 7322 13746 25 42 33  0  0  0
12  0      0 9921492   5804 760116    0    0     0   292 5614 10913  9 51 40  0  0  0
 8  0      0 9907884   5804 773416    0    0     0    16 5094 10370  8 53 39  0  0  0
 6  0      0 9892764   5812 788492    0    0     0    68 6480 12387 19 44 37  0  0  0
 8  0      0 9876928   5812 803420    0    0     0    16 6568 12516 19 44 36  0  0  0
 9  0      0 9863092   5820 817096    0    0    16    16 5735 11156  9 51 41  0  0  0
14  0      0 9849512   5820 830272    0    0     0   480 5734 10981  7 52 40  0  0  0
procs -----------memory---------- ---swap-- -----io---- -system-- -------cpu-------
 r  b   swpd   free   buff  cache   si   so    bi    bo   in   cs us sy id wa st gu
 9  0      0 9832376   5820 844116    0    0     0    16 6055 11271 11 50 39  0  0  0
 4  0      0 9786048   5828 857384    0    0     0    84 5656 10637  8 52 40  0  0  0
 9  0      0 9737160   5836 870464    0    0     0    60 5337 10609  7 55 38  0  0  0
16  0      0 9689572   5844 884640    0    0     0    48 5825 11220  9 52 39  0  0  0
 4  0      0 9634384   5844 897992    0    0     0   280 5486 10589 10 52 38  0  0  0
 4  0      0 9623492   5844 911348    0    0     0    16 5697 10672 10 52 38  0  0  0
 4  0      0 9607432   5844 924036    0    0     0    28 5421 10296  8 52 40  0  0  0
 7  0      0 9591360   5844 937808    0    0     0    16 5522 10713  9 51 40  0  0  0
 5  1      0 9578060   5852 950632    0    0    12   332 5499 10644  7 52 41  0  0  0
 4  0      0 9564984   5852 963988    0    0     0    16 5026 9918  8 54 38  0  0  0
 4  0      0 9551656   5852 976736    0    0     0    16 5320 10391  6 55 39  0  0  0
 6  0      0 9537068   5852 990524    0    0     0    16 6160 11219  7 51 42  0  0  0
 3  0      0 9523992   5852 1004236    0    0     0    20 5691 10788  8 51 41  0  0  0
 9  1      0 9510384   5860 1017048    0    0     0   296 5503 10604  8 51 41  1  0  0
 5  0      0 9498704   5860 1030828    0    0     0    16 6004 11257  8 49 42  0  0  0
10  0      0 9485864   5860 1043736    0    0     0    16 5538 10470  8 50 42  0  0  0
 6  0      0 9468984   5860 1056760    0    0     0    16 5413 10373  7 48 44  0  0  0
 8  0      0 9418080   5860 1070604    0    0     0    16 5773 10721 10 51 39  0  0  0
 2  0      0 9370452   5868 1084064    0    0     0   292 5935 10933  8 52 40  1  0  0
10  0      0 9322320   5868 1097672    0    0     0    24 5717 10702  9 51 40  0  0  0
 5  0      0 9264392   5868 1112996    0    0     0    16 6642 12454 13 48 39  0  0  0
procs -----------memory---------- ---swap-- -----io---- -system-- -------cpu-------
 r  b   swpd   free   buff  cache   si   so    bi    bo   in   cs us sy id wa st gu
 9  0      0 9221060   5868 1126244    0    0     0    16 5527 10601 10 51 39  0  0  0
 8  0      0 9207704   5868 1140064    0    0     0    56 6016 11341 13 49 38  0  0  0
10  1      0 9193424   5876 1154004    0    0     0   320 5172 10023  8 48 43  1  0  0
 1  0      0 9181284   5876 1166488    0    0     0    16 5203 10150  8 44 47  0  0  0
 7  0      0 9167452   5876 1180384    0    0     0    16 5629 10760  7 52 41  0  0  0
 2  0      0 9150372   5876 1193388    0    0     0    16 5771 10384  8 45 46  0  0  0
 6  0      0 9137268   5876 1206588    0    0     0   104 5463 10437  7 55 38  0  0  0
 7  0      0 9123196   5876 1220156    0    0     0   408 5642 10809  9 50 41  1  0  0
 6  0      0 9109336   5884 1233772    0    0     0    40 5585 10724  8 50 42  0  0  0
 7  0      0 9096232   5884 1246984    0    0     0    16 5755 10791  7 51 42  0  0  0
 9  0      0 9082904   5884 1260620    0    0     0    16 5451 10721  7 52 41  0  0  0
 3  0      0 9069296   5884 1273796    0    0     0   228 5785 10856  7 51 42  0  0  0
 4  1      0 9055468   5892 1287440    0    0     0   488 5336 10060  6 52 42  1  0  0
 9  0      0 9042616   5892 1300392    0    0     0    16 5243 9997  6 53 41  0  0  0
 6  0      0 9029008   5892 1314340    0    0     0    16 5379 10376  6 52 42  0  0  0
 3  0      0 9016168   5892 1327208    0    0     0 10404 5233 10205  9 53 38  0  0  0
 8  0      0 9003316   5892 1340072    0    0     0 12304 5261 10060  7 51 41  0  0  0
 5  0      0 8991220   5900 1351856    0    0     0 54348 4558 9248  6 64 28  1  0  0
 7  0      0 8978872   5900 1364720    0    0     0    16 5119 10071  6 52 42  0  0  0
 8  0      0 8965768   5900 1377276    0    0     0    20 5163 10178  6 54 39  0  0  0
 3  0      0 8951152   5900 1391512    0    0     0    16 6014 11321  8 48 43  0  0  0
procs -----------memory---------- ---swap-- -----io---- -system-- -------cpu-------
 r  b   swpd   free   buff  cache   si   so    bi    bo   in   cs us sy id wa st gu
14  0      0 8937544   5900 1404596    0    0     0 16552 5438 10488  7 53 40  0  0  0
 2  0      0 8924440   5900 1417500    0    0     0 16880 5156 10007  7 53 39  1  0  0
 5  0      0 8910832   5908 1431036    0    0     0    36 5268 10123  6 51 42  0  0  0
 5  0      0 8897476   5908 1444120    0    0     0 27688 5171 10125  6 56 37  0  0  0
10  0      0 8866228   5908 1457652    0    0     0    16 5521 10569  7 52 41  0  0  0
 9  0      0 8819608   5908 1470772    0    0     0 20648 5476 10622 10 53 37  0  0  0
10  0      0 8773744   5908 1483372    0    0     0 16904 4950 9981  7 55 37  1  0  0
15  0      0 8730652   5916 1495668    0    0     0 66228 4805 9730  6 60 33  1  0  0
11  0      0 8686792   5916 1508992    0    0     0    16 5586 10535  7 53 40  0  0  0
 6  0      0 8654072   5916 1522116    0    0     0    16 5373 10322  7 53 40  0  0  0
12  0      0 8641528   5916 1534212    0    0     0    40 5113 9691  6 54 40  0  0  0
 9  0      0 8627696   5916 1548180    0    0     0  5724 5958 11307  7 51 42  0  0  0
 2  0      0 8614088   5924 1561716    0    0     0 19420 5604 10743  7 52 41  0  0  0
 9  0      0 8601488   5924 1574120    0    0     0 40976 5050 9803  7 55 38  0  0  0
11  0      0 8590148   5924 1585944    0    0     0 146224 3623 8325  6 71 22  1  0  0
 4  1      0 8577044   5928 1598528    0    0     4 34832 5441 10417  8 52 40  1  0  0
 5  0      0 8564948   5928 1611296    0    0     8  1036 5060 10020  7 52 41  1  0  0
 3  0      0 8550080   5928 1626184    0    0     0    16 5934 11159  7 50 43  0  0  0
 3  0      0 8536220   5936 1640736    0    0     0    52 5699 10965  7 53 40  0  0  0
 7  0      0 8522652   5936 1654020    0    0     0    16 5725 10738  7 49 43  0  0  0
 9  0      0 8508552   5936 1667888    0    0     0    16 5674 10859  7 53 40  0  0  0
procs -----------memory---------- ---swap-- -----io---- -system-- -------cpu-------
 r  b   swpd   free   buff  cache   si   so    bi    bo   in   cs us sy id wa st gu
 3  0      0 8493936   5936 1682472    0    0     0   340 5836 10907  7 52 40  1  0  0
 7  0      0 8480076   5936 1696072    0    0     0    16 5655 10887 10 51 39  0  0  0
12  0      0 8466228   5944 1709452    0    0     0    52 5674 10810  6 51 42  0  0  0
 5  0      0 8452384   5944 1722980    0    0     0    16 5490 10342  6 51 42  0  0  0
 9  0      0 8439280   5944 1736340    0    0     0    16 5507 10595  8 52 41  0  0  0
 3  0      0 8425952   5944 1749916    0    0     0   636 5623 10686  7 54 38  1  0  0
 4  0      0 8412372   5944 1762776    0    0     0    20 5567 10630  6 51 43  0  0  0
 3  0      0 8399016   5952 1775772    0    0     0    76 5290 10227  7 51 41  1  0  0
 6  0      0 8385436   5952 1789424    0    0     0    16 5534 10707  7 54 39  0  0  0
 6  1      0 8372612   5952 1802192    0    0     0 20504 5019 10342  8 55 36  1  0  0
 9  0      0 8340356   5956 1815944    0    0     0 17308 5611 10763  7 57 35  0  0  0
 7  0      0 8306224   5956 1825576    0    0     0 170232 3225 7479  4 70 24  1  0  0
 7  0      0 8265708   5964 1837132    0    0     0 148444 3600 8582  6 69 25  1  0  0
 8  0      0 8241332   5964 1848544    0    0     0 155824 3563 8685  7 66 26  1  0  0
 5  0      0 8229992   5964 1861432    0    0     0  9996 5217 10363  6 53 40  0  0  0
 7  0      0 8216888   5964 1875184    0    0     0  1788 5528 10522  7 52 41  1  0  0
 5  0      0 8202804   5964 1888784    0    0     0    16 5570 10599  6 52 41  0  0  0
 8  0      0 8188956   5972 1902424    0    0     0    40 5265 10436  7 52 41  0  0  0
