procs -----------memory---------- ---swap-- -----io---- -system-- -------cpu-------
 r  b   swpd   free   buff  cache   si   so    bi    bo   in   cs us sy id wa st gu
 1  0     12 10902188   4308 289836    0    0   467 17003 4174   17  7 25 68  1  0  0
 1  0     12 10902196   4344 289928    0    0    36    44 1277 1091  1  1 98  0  0  0
 1  0     12 10905456   4612 289856    0    0   268    16 1203  832  0  1 99  0  0  0
 0  1     12 10867152   4760 296328    0    0  6636   384 6419 5968 15 11 72  2  0  0
15  1     12 10598308   4760 379452    0    0  1092  3876 6102 10734 48 31 18  3  0  0
14  0     12 10399192   4760 519748    0    0     0  7012 6298 13160 44 40 13  3  0  0
11  0     12 10214860   4760 665432    0    0   224   912 6274 10723 38 27 35  0  0  0
 5  0     12 9989780   4760 853036    0    0     0    16 8146 12255 50 27 23  0  0  0
14  0     12 9840048   4768 1001036    0    0     0   512 6535 9485 31 30 39  0  0  0
15  0     12 9566540   4768 1157920    0    0    64    16 7097 12684 45 30 26  0  0  0
 8  0     12 9255064   4768 1303424    0    0   152  1188 6826 12188 39 30 31  0  0  0
12  0     12 9106180   4768 1439828    0    0     0 105220 5267 11068 39 46 14  1  0  0
15  0     12 8867252   4768 1586768    0    0     0 170972 6567 13521 37 42 22  0  0  0
14  0     12 8650056   4776 1737440    0    0     0 158136 6791 13470 33 46 21  0  0  0
 7  0     12 8477448   4776 1837328    0    0    56 446116 3949 9979 30 45 24  1  0  0
 6  5     12 8348200   4776 1946956    0    0     0 405824 4448 10170 20 47 33  0  0  0
 3  0     12 8079140   4784 2084144    0    0     0 42804 6231 11729 25 36 38  0  0  0
 6  0     12 7921480   5464 2241204    0    0  1496    40 7275 12928 27 47 25  1  0  0
 6  0     12 7768472   5464 2394024    0    0     0   136 7084 12508 28 43 29  0  0  0
 7  0     12 7596344   5472 2543500    0    0     8    16 7079 12113 24 46 30  0  0  0
 8  0     12 7285312   5472 2691236    0    0     4 86384 6605 11832 19 53 27  1  0  0
procs -----------memory---------- ---swap-- -----io---- -system-- -------cpu-------
 r  b   swpd   free   buff  cache   si   so    bi    bo   in   cs us sy id wa st gu
13  0     12 7130424   5472 2832904    0    0     0 160060 5749 11620 22 56 22  0  0  0
 8  0     12 6905424   5480 2978476    0    0     0 152040 5985 11943 21 55 24  0  0  0
13  0     12 6762668   5480 3121400    0    0     0 126516 6482 11793 21 51 28  1  0  0
 4  0     12 6628952   5484 3259816    0    0     4 156360 5813 11883 20 53 27  0  0  0
 7  0     12 6491772   5484 3396860    0    0     0 160788 6052 11612 21 53 26  1  0  0
 4  0     12 6346704   5484 3541032    0    0     0 111900 6307 11454 20 53 27  0  0  0
 9  0     12 6201676   5492 3684592    0    0     0 141312 6661 12348 21 47 31  1  0  0
 6  0     12 6066708   5492 3821380    0    0     0 151256 6026 11313 20 49 30  1  0  0
 7  0     12 5830572   5492 3970704    0    0     0 131152 6665 12183 20 55 25  0  0  0
 8  4     12 5678112   5492 4108628    0    0     0 174472 5705 11848 26 52 22  1  0  0
 7  0     12 5565940   5492 4222992    0    0     0 360428 4457 9728 22 51 25  2  0  0
 9  0     12 5407968   5500 4358432    0    0     0 255564 5050 10844 17 62 21  1  0  0
13  0     12 5074356   5500 4516636    0    0     0    24 7304 13132 19 45 35  0  0  0
 2  0     12 4911112   5500 4679248    0    0     0    72 7159 13551 22 44 34  0  0  0
 7  0     12 4770584   5500 4819360    0    0     4 80688 6244 12062 21 43 35  1  0  0
 8  0     12 4635016   5500 4951400    0    0     0 285540 5348 11337 16 58 26  1  0  0
13  0     12 4510312   5508 5077212    0    0     0 290232 4737 10650 15 59 25  1  0  0
 5  1     12 4381088   5508 5205048    0    0     0 273172 4860 11306 16 58 25  1  0  0
15  0     12 4199656   5508 5360488    0    0     0 124732 6697 12954 23 45 32  1  0  0
10  0     12 3867776   5508 5517580    0    0     8  3648 7325 13171 20 47 33  0  0  0
 6  0     12 3580476   5508 5675540    0    0     0    16 7490 13388 19 43 38  0  0  0
procs -----------memory---------- ---swap-- -----io---- -system-- -------cpu-------
 r  b   swpd   free   buff  cache   si   so    bi    bo   in   cs us sy id wa st gu
 9  1     12 3435716   5516 5821008    0    0     0 143132 6334 12305 19 50 31  1  0  0
 2  0     12 3291276   5516 5966764    0    0     0 126168 6228 12458 16 52 32  1  0  0
11  0     12 3144328   5520 6110468    0    0     0 69780 6407 12185 17 50 33  0  0  0
 6  0     12 3005324   5520 6250356    0    0     4 157628 5505 11429 16 55 28  1  0  0
 8  0     12 2857092   5520 6395608    0    0     0 144840 6351 12181 18 51 30  1  0  0
13  0     12 2712000   5528 6539508    0    0     0 152036 6162 12052 18 51 31  1  0  0
 7  0     12 2583004   5528 6664256    0    0     0 284828 4676 10935 18 59 22  1  0  0
 5  1     12 2448896   5528 6796260    0    0     0 305052 4810 10924 16 61 23  1  0  0
14  0     12 2312076   5528 6932800    0    0     0 242516 5603 11476 16 54 28  2  0  0
 4  0     12 2155324   5528 7091024    0    0     0    16 7306 13402 19 45 37  0  0  0
 8  0     12 1996632   5536 7248312    0    0     0    44 7500 13404 19 44 37  0  0  0
10  0     12 1837040   5536 7404084    0    0     0 13888 7287 13124 17 46 36  0  0  0
12  0     12 1694380   5536 7547932    0    0     0 143216 6465 12422 17 51 31  1  0  0
 6  0     12 1554800   5536 7684636    0    0     0 139720 5813 11567 17 49 33  1  0  0
11  0     12 1406900   5536 7829976    0    0     0 173088 6136 12303 17 52 30  0  0  0
 5  0     12 1268756   5544 7972400    0    0     0 142532 5960 11950 19 51 30  0  0  0
 7  0     12 1115412   5544 8123716    0    0     0 154412 6735 12957 17 50 32  1  0  0
 7  0     12 977344   5544 8263492    0    0     0 231992 5362 11612 16 57 27  0  0  0
 6  0     12 843792   5544 8396140    0    0     4 290888 5189 11821 14 58 26  1  0  0
 6  0     12 708312   5544 8532660    0    0     0 243320 5863 11554 18 50 31  1  0  0
12  0     12 548004   5552 8691560    0    0   168 63264 7071 13519 22 48 30  0  0  0
procs -----------memory---------- ---swap-- -----io---- -system-- -------cpu-------
 r  b   swpd   free   buff  cache   si   so    bi    bo   in   cs us sy id wa st gu
13  0     12 417864   5552 8820408    0    0     0 340988 4934 11386 16 62 20  2  0  0
12  0     12 297340   5552 8940052    0    0     0 308200 4860 10768 17 53 25  5  0  0
12  0     12 143456   5552 9094500    0    0     0   996 7130 13254 24 39 36  1  0  0
 6  0     12 179280   1980 9063976    0    0     0    16 8128 14758 27 39 33  0  0  0
11  0     12 226560   1988 9017472    0    0     0    84 7426 13350 21 43 36  0  0  0
 5  0     12 172648   1988 9069292    0    0     0    16 7061 13104 20 43 37  0  0  0
 8  0     12 220844   1988 9021968    0    0     0 103548 6672 13529 28 48 24  0  0  0
14  0     12 173244   1988 9067356    0    0     8 151668 5944 12324 17 53 28  2  0  0
 6  0     12 139676   1988 9102972    0    0     0 124904 5553 11517 16 53 31  1  0  0
10  0     12 212520   1996 9024392    0    0     0 263696 4558 10257 15 62 21  1  0  0
 9  0     12 187020   1996 9047464    0    0     0 259280 4448 10590 15 60 25  1  0  0
13  0     12 164832   1996 9067848    0    0     0 293096 4602 10893 16 57 26  1  0  0
10  0     12 218184   1996 9016624    0    0     0 126364 6349 12775 18 51 30  1  0  0
 3  0     12 156168   1996 9077760    0    0     0    16 7533 13885 20 43 36  0  0  0
 4  0     12 202592   1636 9030308    0    0     0    48 7275 13380 20 44 35  0  0  0
15  2     12 158288   1724 9074624    0    0   128 62540 6645 12519 17 48 35  0  0  0
15  0     12 223844   1836 9009904    0    0   156 142308 5472 11715 17 55 28  0  0  0
12  0     12 180428   1836 9053132    0    0     0 130688 5967 12201 16 53 29  1  0  0
 8  0     12 135924   1836 9098472    0    0     0 145384 6000 12217 16 53 30  1  0  0
 9  0     12 194544   1836 9038408    0    0     0 156844 5861 12231 17 53 29  1  0  0
10  0     12 156664   1836 9077280    0    0     0 128420 5748 11722 17 53 29  1  0  0
procs -----------memory---------- ---swap-- -----io---- -system-- -------cpu-------
 r  b   swpd   free   buff  cache   si   so    bi    bo   in   cs us sy id wa st gu
15  0     12 207476   1844 9024416    0    0     0 137636 6325 12608 17 53 29  1  0  0
11  1     12 170752   1844 9063572    0    0     4 138624 5988 12084 16 52 31  1  0  0
11  0     12 133792   1844 9100416    0    0     0 137344 5745 11460 16 52 31  1  0  0
 9  0     12 188948   1844 9042012    0    0     0 166212 6218 11995 17 50 32  0  0  0
 6  0     12 144796   1844 9085952    0    0     0 135240 6063 12275 17 50 32  1  0  0
 7  0     12 208728   1852 9021628    0    0     0 143836 5659 12066 16 53 31  0  0  0
 5  0     12 168672   1852 9061896    0    0     0 147308 6151 12152 17 53 29  1  0  0
11  0     12 201536   1852 9029408    0    0     0 143712 5863 12015 17 55 27  1  0  0
11  0     12 179452   1852 9050736    0    0     0 124864 6207 12365 16 52 31  1  0  0
13  0     12 138056   1852 9093372    0    0     0 149592 5835 12257 16 53 30  0  0  0
 5  0     12 201648   1860 9028232    0    0     0 268084 4898 11828 14 63 23  1  0  0
 5  0     12 165516   1860 9065004    0    0     0 218368 5415 12351 17 56 26  1  0  0
 5  0     12 215504   1860 9015764    0    0     0    16 7111 13046 18 47 35  0  0  0
 6  0     12 170284   1860 9060556    0    0     0 81980 6568 12429 15 48 36  0  0  0
13  0     12 220788   1860 9010784    0    0     0 154396 6365 12861 18 53 28  1  0  0
10  0     12 185340   1868 9046512    0    0     0 210744 5502 11492 15 59 25  1  0  0
 7  0     12 143296   1868 9087420    0    0     8 72556 6162 11964 17 53 29  1  0  0
 8  0     12 209104   1868 9022092    0    0     0 147472 6041 12022 16 53 31  0  0  0
10  0     12 165564   1868 9064388    0    0     0 147472 6150 12512 16 53 31  0  0  0
15  0     12 229964   1868 8997960    0    0     0 133728 5715 11540 17 53 30  1  0  0
14  0     12 202828   1876 9025388    0    0     0 261760 4735 11101 16 59 24  1  0  0
procs -----------memory---------- ---swap-- -----io---- -system-- -------cpu-------
 r  b   swpd   free   buff  cache   si   so    bi    bo   in   cs us sy id wa st gu
 7  0     12 186320   1876 9042384    0    0     0 239364 4436 10132 15 57 26  3  0  0
 7  0     12 134080   1876 9095140    0    0     0    16 6968 12800 19 45 36  0  0  0
 8  0     12 185540   1876 9043284    0    0     0 56332 6870 12721 18 49 33  0  0  0
10  0     12 148476   1876 9079192    0    0     0 115512 6088 11827 16 51 32  0  0  0
 3  0     12 208156   1884 9019668    0    0     0 191804 5710 11960 16 55 29  0  0  0
 9  0     12 166392   1884 9062000    0    0     8 135584 5831 11674 17 52 30  1  0  0
 7  0     12 222428   1884 9006844    0    0     0 130948 6233 12309 18 51 30  1  0  0
12  0     12 175916   1884 9052924    0    0     0 151088 6070 12915 23 48 29  0  0  0
 6  0     12 224216   1884 9003916    0    0     0 146684 6099 12154 16 52 32  1  0  0
 9  1     12 192784   1892 9034836    0    0     0 182240 5643 11791 17 55 28  1  0  0
 6  0     12 146320   1892 9080768    0    0     0 102396 6326 12727 18 49 32  1  0  0
 4  0     12 210344   1892 9019404    0    0     0 117184 6037 12245 16 52 32  0  0  0
 8  0     12 175116   1892 9052636    0    0     0 161908 5536 11520 15 54 31  0  0  0
13  1     12 132108   1892 9095796    0    0     0 135112 6255 12114 17 52 31  1  0  0
14  0     12 192824   1900 9036672    0    0     0 131832 6073 12127 17 53 30  0  0  0
 7  0     12 158380   1900 9070000    0    0     0 180396 5410 11045 15 56 27  1  0  0
 4  1     12 219820   1900 9008336    0    0     0 113072 5883 11858 17 54 29  1  0  0
15  0     12 191620   1900 9036660    0    0     4 294712 4790 11075 15 62 21  1  0  0
