procs -----------memory---------- ---swap-- -----io---- -system-- -------cpu-------
 r  b   swpd   free   buff  cache   si   so    bi    bo   in   cs us sy id wa st gu
 1  0     12 10867760   5344 291520    0    0   466 16159 4160   17  6 25 68  1  0  0
 1  0     12 10875320   5380 291584    0    0    36    44 1344 1131  0  1 99  0  0  0
 1  1     12 10883640   5388 291588    0    0     0    88 1074  739  0  1 99  0  0  0
 0  1     12 10840364   5532 297912    0    0  6624   440 6001 5603 16 10 72  2  0  0
15  0     12 10648048   5532 367088    0    0  1108  4092 5989 10406 46 30 21  2  0  0
13  1     12 10503696   5532 469912    0    0     0  6056 6529 12333 44 40 12  4  0  0
 7  0     12 10392756   5532 558364    0    0   224  1212 5543 8515 28 27 44  1  0  0
 3  0     12 10292940   5532 654288    0    0     0    16 6375 7541 31 23 46  0  0  0
 4  0     12 10185656   5540 757116    0    0     0   104 6641 8067 35 25 40  0  0  0
 9  0     12 10036312   5540 832332    0    0    64    16 4882 7558 25 23 52  0  0  0
 7  0     12 9909924   5540 938368    0    0     0    16 7179 11190 42 27 31  0  0  0
16  0     12 9797928   5540 1026564    0    0   152   848 5933 10184 36 25 39  0  0  0
 6  0     12 9579052   5540 1132148    0    0     0    16 7154 11575 37 35 28  0  0  0
 4  0     12 9474148   5548 1230852    0    0     0   472 6844 10529 30 40 30  0  0  0
 5  0     12 9241480   5548 1322748    0    0    56    16 6021 9906 31 30 39  0  0  0
 6  0     12 9119640   5548 1400796    0    0     0 65752 4865 8686 35 32 32  0  0  0
 7  0     12 9033420   5548 1492972    0    0     0 114668 5683 9865 30 45 24  1  0  0
 9  0     12 8865424   5548 1601128    0    0     0 98392 6610 11331 39 38 22  0  0  0
 4  0     12 8763832   5556 1694244    0    0     0 100572 5308 9034 22 50 28  1  0  0
12  0     12 8690300   5556 1772676    0    0     0 356768 4263 8185 18 48 32  2  0  0
 9  0     12 8608308   5556 1854452    0    0     0 302220 4437 8568 21 52 26  1  0  0
procs -----------memory---------- ---swap-- -----io---- -system-- -------cpu-------
 r  b   swpd   free   buff  cache   si   so    bi    bo   in   cs us sy id wa st gu
12  0     12 8521076   5556 1943472    0    0     0 245728 4876 9115 15 60 24  1  0  0
 5  0     12 8417272   5556 2045480    0    0     0 72392 6722 10936 31 41 28  0  0  0
 8  0     12 8311728   5564 2134616    0    0     0   380 5706 9210 18 48 34  0  0  0
 5  0     12 8096176   5564 2229088    0    0     0    16 5819 9162 17 48 36  0  0  0
11  0     12 7921324   5564 2321572    0    0     0    16 5656 9241 16 50 34  0  0  0
 3  0     12 7828112   5564 2413136    0    0     0  1404 5660 9114 17 48 34  1  0  0
 3  0     12 7730776   5564 2511740    0    0     4    16 6448 9855 21 46 33  0  0  0
 5  0     12 7636472   5572 2606108    0    0     0   252 5930 9493 19 41 39  0  0  0
10  0     12 7546372   5572 2696848    0    0     0 28692 5713 9294 16 48 37  0  0  0
 6  0     12 7449544   5572 2789852    0    0     0 103952 5628 9630 17 52 31  0  0  0
10  0     12 7346472   5572 2892316    0    0     4 100240 6084 10889 20 45 35  1  0  0
10  0     12 7148796   5572 2987460    0    0     0 179200 5890 10020 13 50 37  1  0  0
 4  0     12 6946232   5580 3083332    0    0     0 155040 5761 9912 13 53 34  1  0  0
12  0     12 6805144   5580 3186612    0    0     0    16 6859 11163 17 40 42  0  0  0
 3  0     12 6710180   5580 3282576    0    0     0 73860 6238 10291 15 45 40  0  0  0
 6  0     12 6615588   5580 3376764    0    0     0 118696 5746 9912 17 48 34  1  0  0
 4  1     12 6516912   5580 3472008    0    0     0 125304 5725 9943 13 50 36  1  0  0
 8  0     12 6430056   5588 3560252    0    0     0 309236 4748 8873 12 56 31  1  0  0
11  1     12 6340440   5588 3647828    0    0     0 294980 4998 9078 14 56 29  1  0  0
 6  1     12 6161184   5588 3740580    0    0     8 312308 4734 9579 16 58 24  2  0  0
 7  0     12 5946932   5732 3840844    0    0   128 19376 6456 10634 18 43 39  1  0  0
procs -----------memory---------- ---swap-- -----io---- -system-- -------cpu-------
 r  b   swpd   free   buff  cache   si   so    bi    bo   in   cs us sy id wa st gu
 7  0     12 5698064   5732 3954840    0    0     0    16 8009 12513 23 36 40  0  0  0
 4  0     12 5472476   5732 4060648    0    0     0    16 7210 11441 14 42 43  0  0  0
 6  0     12 5364244   5732 4161520    0    0     0   104 6873 11083 14 41 45  0  0  0
 7  0     12 5258828   5732 4265296    0    0     0    16 6693 10910 14 44 42  0  0  0
10  1     12 5161712   5732 4361724    0    0     4 224984 5292 9772 13 55 30  1  0  0
15  0     12 5073972   5740 4448400    0    0     0 321268 4545 8473 13 55 30  3  0  0
 3  0     12 4968856   5740 4554908    0    0     0  8744 6796 11150 17 42 41  0  0  0
 8  0     12 4857008   5740 4661228    0    0     0    88 6933 11179 18 41 41  0  0  0
 8  1     12 4755560   5740 4760392    0    0     0    16 6556 10547 14 43 43  0  0  0
 7  1     12 4656228   5740 4860460    0    0     0  2268 6494 10607 15 44 41  1  0  0
 6  0     12 4547776   5748 4963920    0    0     0    44 7029 11189 14 42 44  0  0  0
 4  1     12 4431180   5748 5054004    0    0     0 110628 5452 9240 14 42 45  0  0  0
 8  0     12 4219060   5748 5154076    0    0     0 93912 6565 10760 13 47 39  1  0  0
10  1     12 4124564   5748 5240220    0    0     0 77248 5203 9096 12 42 46  0  0  0
13  0     12 4027564   5748 5336920    0    0     0 104224 5632 9890 16 49 35  1  0  0
 7  1     12 3924420   5756 5440316    0    0     0 110644 6758 11348 17 43 39  0  0  0
11  0     12 3835336   5756 5529508    0    0     0 238316 5012 9005 12 53 34  1  0  0
10  0     12 3746568   5756 5621352    0    0     0 298552 4873 9251 16 54 28  1  0  0
 2  0     12 3653996   5756 5715344    0    0     0 222180 5231 9675 13 54 32  1  0  0
 5  0     12 3555168   5756 5816608    0    0     0  3288 6895 11014 16 39 44  1  0  0
 9  0     12 3456960   5764 5915064    0    0     0    48 6379 10484 13 44 42  0  0  0
procs -----------memory---------- ---swap-- -----io---- -system-- -------cpu-------
 r  b   swpd   free   buff  cache   si   so    bi    bo   in   cs us sy id wa st gu
 8  1     12 3345560   5764 6024752    0    0     0    24 7427 11673 25 37 38  0  0  0
 9  0     12 3240240   5764 6127100    0    0     0   136 6649 10927 14 44 42  0  0  0
12  0     12 3137844   5764 6227304    0    0     0 15220 6391 10497 13 45 42  0  0  0
 9  0     12 3033772   5764 6331012    0    0     4 105972 6268 10918 17 46 36  1  0  0
14  0     12 2940972   5772 6425324    0    0     0 95076 5731 10029 12 50 38  0  0  0
 9  0     12 2844440   5772 6520656    0    0     0 101996 6164 10604 12 46 41  1  0  0
 4  0     12 2749496   5772 6616092    0    0     0 82024 5992 10111 12 48 39  1  0  0
 8  4     12 2655840   5772 6708680    0    0     0 99972 5931 10010 14 49 36  1  0  0
 8  0     12 2564872   5772 6801428    0    0     0 273280 4853 9298 12 57 28  2  0  0
 6  0     12 2467608   5780 6896592    0    0     0 118720 5641 9821 14 50 36  1  0  0
 4  0     12 2363324   5780 7001332    0    0     0    16 6916 11338 14 44 43  0  0  0
 4  0     12 2263004   5780 7102480    0    0     0    16 6652 10902 13 42 44  0  0  0
 4  0     12 2169516   5780 7195532    0    0     0 98504 5672 9658 13 50 37  0  0  0
 6  0     12 2079680   5780 7284436    0    0     0 240808 5002 9039 12 55 31  1  0  0
 8  1     12 1988032   5788 7376576    0    0     0 278176 4796 9321 12 57 29  2  0  0
 9  0     12 1886484   5788 7477532    0    0     0 65808 6529 10573 12 46 41  0  0  0
 9  1     12 1789252   5788 7574564    0    0     0    76 5965 10174 13 44 44  0  0  0
11  0     12 1688912   5788 7675216    0    0     0    12 6502 10572 13 43 44  0  0  0
 3  2     12 1587316   5796 7776836    0    0     0  2424 6971 11015 13 42 44  1  0  0
 8  1     12 1490108   5796 7874356    0    0     0 94236 5883 10003 13 49 38  0  0  0
 9  0     12 1395600   5796 7969512    0    0     0 90208 5816 9908 13 47 40  0  0  0
procs -----------memory---------- ---swap-- -----io---- -system-- -------cpu-------
 r  b   swpd   free   buff  cache   si   so    bi    bo   in   cs us sy id wa st gu
13  0     12 1300008   5796 8062784    0    0     4 81996 5656 10068 14 48 38  0  0  0
11  0     12 1208024   5796 8155840    0    0     0 109060 5520 9860 12 54 34  0  0  0
 5  0     12 1106768   5804 8256736    0    0     4 90784 6181 10543 13 47 40  1  0  0
 4  0     12 1012232   5804 8352404    0    0     0 195000 5623 10134 12 55 33  0  0  0
 6  0     12 920556   5804 8443964    0    0     0 247544 4993 9251 12 58 29  1  0  0
11  0     12 818396   5804 8538216    0    0     0 255608 4929 9107 11 59 29  2  0  0
 4  0     12 712672   5804 8643224    0    0     0  4472 6859 11499 14 43 43  0  0  0
 4  1     12 620584   5812 8733016    0    0   168 180616 5160 9419 16 51 32  1  0  0
 8  0     12 529720   5812 8824864    0    0     0 281900 4998 9621 13 58 28  1  0  0
 4  0     12 436228   5812 8918168    0    0     0 225868 4981 9580 13 55 29  3  0  0
 5  0     12 333340   5812 9020856    0    0     0    16 7039 11309 14 40 45  0  0  0
 7  1     12 231940   5812 9121876    0    0     0   412 6620 10940 12 43 45  0  0  0
 9  0     12 234096   2000 9133400    0    0     0    52 7805 12123 19 39 42  1  0  0
 6  0     12 139252   2000 9228236    0    0     0    20 6007 10142 14 45 41  0  0  0
 4  0     12 150616   1984 9217680    0    0     0    16 6844 10997 12 44 44  0  0  0
 5  0     12 149008   1984 9217816    0    0     0    16 6570 10950 12 44 43  0  0  0
10  2     12 147568   1984 9218144    0    0    12   776 6615 10808 13 44 42  0  0  0
11  0     12 156480   1988 9210712    0    0    60 86140 5791 10139 13 48 38  1  0  0
 9  0     12 148916   1992 9216636    0    0     0 100028 7058 11412 13 46 41  0  0  0
 1  0     12 154356   1992 9213072    0    0     0 100944 5894 10247 12 48 40  0  0  0
 9  0     12 158124   1992 9208124    0    0     0 86032 5954 10278 12 49 40  0  0  0
procs -----------memory---------- ---swap-- -----io---- -system-- -------cpu-------
 r  b   swpd   free   buff  cache   si   so    bi    bo   in   cs us sy id wa st gu
10  4     12 170392   1992 9195028    0    0     0 165656 4535 8757 13 57 29  1  0  0
10  0     12 169512   1992 9196076    0    0     0 33000 6711 10989 13 45 41  1  0  0
 8  0     12 171732   2000 9192208    0    0     0 102476 6037 10521 13 48 39  0  0  0
 5  0     12 174340   2000 9192528    0    0     0 90468 6134 10476 13 49 38  0  0  0
 8  0     12 175108   1992 9191392    0    0     0 106952 5912 10315 12 50 37  1  0  0
 2  4     12 184368   1992 9180956    0    0     0 129976 5241 9302 13 52 33  1  0  0
 5  0     12 187968   1992 9178240    0    0     0 66512 5959 10150 13 49 38  1  0  0
 8  0     12 190280   2000 9176064    0    0     0 90164 5905 10215 12 49 38  0  0  0
 2  0     12 195548   2000 9171392    0    0     0 96792 6066 10127 13 48 39  1  0  0
 5  0     12 196264   2000 9169344    0    0     0 97848 5736 9903 11 53 36  1  0  0
14  1     12 206356   2004 9157852    0    0     0 113528 5616 9810 12 51 35  1  0  0
 9  3     12 217724   2008 9148620    0    0     0 281988 4598 8814 11 62 26  1  0  0
12  0     12 213364   2012 9151720    0    0     0 19940 6820 10947 13 45 42  0  0  0
 6  0     12 211828   2012 9153380    0    0     0    16 6985 11253 14 40 45  0  0  0
 9  0     12 221020   2012 9145796    0    0     0 61852 6019 9935 12 48 39  1  0  0
 3  0     12 223656   2012 9141644    0    0     4 114176 5778 10087 12 52 35  1  0  0
 8  2     12 229080   2016 9135400    0    0     0 217864 4988 9624 13 55 32  0  0  0
 7  0     12 139296   2020 9226176    0    0     0 254032 4789 9276 12 58 30  1  0  0
