procs -----------memory---------- ---swap-- -----io---- -system-- -------cpu-------
 r  b   swpd   free   buff  cache   si   so    bi    bo   in   cs us sy id wa st gu
 1  0      0 10902252   4416 286620    0    0   448  1998 2484    7  3 11 86  0  0  0
 6  0      0 10903836   4452 286716    0    0    36     8 1036  949  0  0 99  0  0  0
 2  0      0 10889220   4604 286928    0    0   688   360 1237  986  0  1 98  1  0  0
 2  0      0 10853940   4608 292440    0    0  5460   192 5471 4563 17  8 73  3  0  0
19  0      0 10824960   4608 293408    0    0   660    24 3520 4335 27 17 55  1  0  0
15  0      0 10817400   4608 295456    0    0    28    44 1252 2092 44 39 17  0  0  0
 5  0      0 10800768   4608 297676    0    0     0    20 6847 10218 46 25 29  0  0  0
 6  0      0 10765488   4616 299352    0    0     0    72 6925 8292 37 20 43  0  0  0
 6  0      0 10740540   4616 301048    0    0     0   104 7131 8303 37 21 42  0  0  0
13  0      0 10705512   4616 302320    0    0     0    16 4834 5788 35 13 52  0  0  0
20  0      0 10696944   4616 304044    0    0   160   236 6574 8404 31 19 50  0  0  0
 6  0      0 10689384   4616 305272    0    0     0    16 5822 7946 27 23 50  0  0  0
11  0      0 10677036   4624 306876    0    0     0    64 6548 8701 31 29 39  0  0  0
 6  0      0 10674844   4884 308376    0    0   888    84 5000 7569 14 41 45  1  0  0
 4  0      0 10670160   5164 310124    0    0   492    16 5100 7554 17 35 48  1  0  0
 7  0      0 10664604   5164 311340    0    0     0    84 4930 7142 11 42 47  0  0  0
10  0      0 10661728   5164 312644    0    0     0    16 4746 7194 12 43 45  0  0  0
11  0      0 10648624   5164 313836    0    0     0    16 5205 7864 18 35 46  0  0  0
 9  0      0 10641640   5172 315412    0    0     0   148 6679 8808 39 27 34  0  0  0
 4  0      0 10633052   5172 316696    0    0     0   156 4821 7173 16 36 48  0  0  0
 9  0      0 10632084   5172 317960    0    0     0   104 5364 7634 23 32 44  0  0  0
procs -----------memory---------- ---swap-- -----io---- -system-- -------cpu-------
 r  b   swpd   free   buff  cache   si   so    bi    bo   in   cs us sy id wa st gu
 5  0      0 10627760   5172 319392    0    0     0    16 5853 8062 30 32 37  0  0  0
 6  0      0 10622840   5172 320692    0    0     0    16 5177 7310 18 36 45  0  0  0
 9  0      0 10607840   5180 322036    0    0     0   180 5792 7962 29 22 48  1  0  0
 9  0      0 10607860   5180 323236    0    0     0    16 4921 7311 18 37 45  0  0  0
 9  0      0 10600432   5180 324696    0    0     0   124 5991 8387 23 30 47  0  0  0
10  0      0 10599888   5180 325988    0    0     0    24 5539 7853 22 30 48  0  0  0
 1  0      0 10599132   5180 327064    0    0     0    16 4281 7116  5 38 57  0  0  0
 8  0      0 10598376   5188 328436    0    0     0    76 4629 7304  4 39 57  0  0  0
 9  0      0 10597116   5188 329544    0    0     0    16 4495 7431  4 40 57  0  0  0
 3  0      0 10594848   5188 330888    0    0     0   168 4465 7426  3 39 58  0  0  0
 0  0      0 10594596   5188 331952    0    0     0    16 3689 6584  5 44 51  0  0  0
12  1      0 10593112   5192 333056    0    0     0    36 4827 7572 10 34 56  0  0  0
10  0      0 10592356   5196 334348    0    0     0    20 4340 7149  5 40 54  0  0  0
 3  0      0 10591348   5196 335688    0    0     0    16 4668 7566  3 38 58  1  0  0
 4  0      0 10591096   5196 336636    0    0     0   120 4328 7146  6 37 57  0  0  0
 3  0      0 10589584   5196 337824    0    0     0    16 3957 6600  3 42 55  0  0  0
 4  0      0 10588828   5204 339072    0    0     0    36 4332 7206  5 38 57  0  0  0
 9  0      0 10587568   5204 340316    0    0     0    16 4487 7232  3 39 58  0  0  0
 5  0      0 10586812   5204 341600    0    0     8    16 4562 7423  6 36 58  0  0  0
 2  0      0 10585552   5204 342736    0    0     0   140 4561 7350  5 38 57  0  0  0
 1  0      0 10584040   5204 343996    0    0     0    16 4457 7195  4 37 59  0  0  0
procs -----------memory---------- ---swap-- -----io---- -system-- -------cpu-------
 r  b   swpd   free   buff  cache   si   so    bi    bo   in   cs us sy id wa st gu
 5  0      0 10582528   5212 345232    0    0     0    40 4471 7306  4 39 57  0  0  0
 9  0      0 10581772   5212 346296    0    0     0    16 4399 7243  4 37 58  0  0  0
 5  0      0 10578244   5212 347512    0    0     0    16 4375 7149  4 38 58  0  0  0
 5  0      0 10577992   5212 348696    0    0     0   136 4276 7007  4 38 58  0  0  0
 2  0      0 10576480   5212 349864    0    0     0    16 4732 7421  4 36 60  0  0  0
10  1      0 10574968   5220 351184    0    0     0    40 4448 7249  5 38 56  1  0  0
 8  0      0 10571440   5648 353168    0    0  1320    16 4473 7269  4 39 56  1  0  0
 8  0      0 10571440   5648 354452    0    0     0    16 4259 6960  4 38 58  0  0  0
 5  0      0 10569928   5648 355468    0    0     0   120 3962 6362  4 35 60  0  0  0
 7  0      0 10569172   5648 356360    0    0     0    16 3660 5913  3 31 66  0  0  0
10  1      0 10568416   5656 357116    0    0     0    56 3201 5277  3 31 65  1  0  0
 0  0      0 10567660   5656 358000    0    0     0    52 3432 5436  7 25 68  0  0  0
 4  0      0 10566904   5664 358924    0    0     4   184 3427 5463  4 32 63  1  0  0
 5  0      0 10565392   5664 359940    0    0     0   148 4521 7063  4 30 66  0  0  0
 3  0      0 10564132   5664 361024    0    0     0    16 4202 6729  4 39 56  0  0  0
 9  1      0 10563376   5672 362312    0    0     0    68 4459 6972  8 36 56  0  0  0
 8  0      0 10561864   5672 363468    0    0     0   112 4484 7159  5 38 56  0  0  0
11  0      0 10560856   5672 364724    0    0     0    16 4492 7355  4 39 57  0  0  0
 1  0      0 10559596   5672 365808    0    0     0   160 4676 7395  4 35 60  0  0  0
 7  0      0 10558084   5672 367196    0    0     0    16 4577 7414  5 36 59  0  0  0
 7  0      0 10556572   5676 368404    0    0     0    44 5125 8053  5 35 60  0  0  0
procs -----------memory---------- ---swap-- -----io---- -system-- -------cpu-------
 r  b   swpd   free   buff  cache   si   so    bi    bo   in   cs us sy id wa st gu
 6  0      0 10555564   5680 369908    0    0     0    28 4716 7557  6 37 57  0  0  0
 6  0      0 10554556   5680 371056    0    0     0    16 4297 7149  3 39 58  0  0  0
 8  0      0 10553044   5680 372132    0    0     0   132 4373 7173  4 40 56  0  0  0
 3  0      0 10551784   5680 373464    0    0     0    16 4281 6972  3 37 59  0  0  0
 1  0      0 10549516   5688 374684    0    0     0    48 4294 7203  3 41 56  1  0  0
 9  0      0 10548508   5688 375896    0    0     0    16 4647 7520  2 36 61  0  0  0
 6  0      0 10547752   5688 377072    0    0     0    16 4341 7247  3 37 59  0  0  0
 2  0      0 10546492   5688 378196    0    0     0   252 4454 7431  3 41 55  1  0  0
 3  0      0 10545736   5688 379392    0    0     0    16 4410 7394  3 39 58  0  0  0
 8  0      0 10544224   5688 380616    0    0     0    16 4425 7155  3 40 56  0  0  0
10  0      0 10542712   5712 382016    0    0     0    92 5155 8077 11 33 54  1  0  0
 4  0      0 10540948   5712 383252    0    0     0    20 4162 7195  4 39 57  0  0  0
11  0      0 10539940   5712 384348    0    0     0   156 4553 7459  3 37 59  1  0  0
 6  0      0 10539184   5712 385732    0    0     0    16 4396 7262  3 39 58  0  0  0
10  0      0 10537924   5712 386652    0    0     0    16 4772 7461  4 37 59  0  0  0
 6  0      0 10536664   5712 388112    0    0     0    16 4689 7480  4 36 60  0  0  0
 4  0      0 10535152   5720 389448    0    0     0    52 5211 8190  4 34 61  0  0  0
 4  0      0 10534144   5720 390740    0    0     0   156 4497 7452  4 38 58  0  0  0
 5  0      0 10532380   5720 391992    0    0     0    16 4756 7554  4 35 62  0  0  0
 6  0      0 10531372   5720 393288    0    0     0    20 4424 7171  3 39 57  0  0  0
 4  0      0 10530616   5720 394416    0    0     0    24 4284 7025  3 39 58  0  0  0
procs -----------memory---------- ---swap-- -----io---- -system-- -------cpu-------
 r  b   swpd   free   buff  cache   si   so    bi    bo   in   cs us sy id wa st gu
 7  0      0 10528852   5728 395752    0    0     0    84 4505 7531  3 39 57  0  0  0
 6  0      0 10528096   5728 396900    0    0     0   148 4304 7263  3 40 56  1  0  0
 3  0      0 10527088   5728 398108    0    0     0    16 4963 7931  3 34 63  0  0  0
 1  0      0 10524568   5728 399588    0    0     0    16 4561 7640  3 40 57  0  0  0
 3  0      0 10522804   5728 400492    0    0     0    16 4861 7807  3 36 61  0  0  0
 7  0      0 10521796   5740 401944    0    0     0    96 4298 7144  3 42 54  0  0  0
 6  0      0 10520788   5740 403316    0    0     0   148 4637 7554  3 40 56  0  0  0
 2  0      0 10519528   5740 404488    0    0     0    16 4650 7544  3 39 58  0  0  0
 0  0      0 10518016   5740 405672    0    0     0    16 4473 7295  2 39 59  0  0  0
 2  0      0 10516756   5740 407060    0    0     0    16 4568 7750  3 38 59  0  0  0
 8  0      0 10515496   5748 408392    0    0     0   100 4744 7662  2 39 58  0  0  0
 1  0      0 10514488   5748 409584    0    0     0   128 4415 7454  3 41 56  0  0  0
 9  0      0 10512724   5748 410852    0    0     0    16 4673 7694  3 36 61  0  0  0
 3  0      0 10511716   5748 412116    0    0     0    16 4746 7591  2 37 60  0  0  0
 7  0      0 10509952   5748 413540    0    0     0    16 4763 7811  3 40 57  0  0  0
 6  1      0 10508188   5756 414716    0    0     0    44 4881 8007  2 37 60  0  0  0
 3  0      0 10507432   5756 416032    0    0     0   144 4713 7531  4 37 59  0  0  0
 7  0      0 10506424   5756 417200    0    0     0    16 4829 7785  3 37 60  0  0  0
 3  0      0 10505164   5756 418492    0    0     0    16 4668 7530  3 39 58  0  0  0
 1  0      0 10503400   5756 419672    0    0     0    16 4431 7288  3 39 58  0  0  0
 6  0      0 10502392   5764 421064    0    0     0   184 4903 7840  3 38 58  0  0  0
procs -----------memory---------- ---swap-- -----io---- -system-- -------cpu-------
 r  b   swpd   free   buff  cache   si   so    bi    bo   in   cs us sy id wa st gu
 9  0      0 10501636   5764 422252    0    0     0   156 4525 7370  2 38 59  0  0  0
 2  0      0 10499368   5764 423592    0    0     0    16 4678 7610  3 40 57  0  0  0
 2  0      0 10498612   5764 424656    0    0     0    16 4995 7747  3 35 61  0  0  0
 7  0      0 10497352   5764 426052    0    0     0    16 4434 7275  4 40 57  0  0  0
 1  0      0 10496344   5772 427396    0    0     0    48 4849 7924  3 38 59  0  0  0
 3  0      0 10494580   5772 428496    0    0     0   156 4635 7596  4 39 55  1  0  0
13  0      0 10493320   5772 430020    0    0     0    24 4425 7405  3 41 56  0  0  0
 4  0      0 10492312   5772 431228    0    0     0    16 4254 7125  2 41 57  0  0  0
 3  0      0 10491556   5772 432164    0    0     0    16 4651 7638  3 39 57  0  0  0
 9  0      0 10489820   5780 433696    0    0     0   156 4220 7151  2 42 56  0  0  0
 9  0      0 10488812   5780 434820    0    0     0   164 4293 7287  3 45 52  0  0  0
 3  0      0 10487048   5780 436192    0    0     0    16 4503 7352  3 37 60  0  0  0
 7  0      0 10486292   5780 437260    0    0     0    16 4349 7203  2 40 58  0  0  0
 2  0      0 10485032   5780 438604    0    0     0    16 4450 7388  3 40 57  0  0  0
 6  0      0 10483772   5788 439744    0    0     0    64 4800 7893  3 37 60  0  0  0
 2  0      0 10481756   5788 440996    0    0     0   152 4760 7745  3 37 59  0  0  0
 0  0      0 10481000   5788 442308    0    0     0    16 4649 7696  2 38 60  0  0  0
 1  0      0 10479488   5788 443772    0    0     0    16 4467 7337  2 39 58  0  0  0
