procs -----------memory---------- ---swap-- -----io---- -system-- -------cpu-------
 r  b   swpd   free   buff  cache   si   so    bi    bo   in   cs us sy id wa st gu
 1  0     12 10879760   4748 289800    0    0   464 15816 4145   17  6 25 68  1  0  0
 1  0     12 10885564   4748 289888    0    0     0    16 1323 1008  0  1 99  0  0  0
 1  0     12 10889264   4748 289888    0    0     0    16 1140  755  1  0 99  0  0  0
 4  0     12 10862024   4908 295956    0    0  6348   460 6850 7189 16 11 71  3  0  0
14  1     12 10751016   5172 322760    0    0  2264  2308 6691 10037 40 29 28  4  0  0
11  0     12 10674900   5448 363964    0    0   484  3824 5988 9612 37 39 20  4  0  0
 4  0     12 10577948   5448 404056    0    0   220  1908 6449 8482 32 27 39  2  0  0
 3  0     12 10521016   5680 443864    0    0   244    16 6323 6227 22 22 56  0  0  0
 6  0     12 10479384   5688 485060    0    0     0   112 6527 6207 24 20 55  0  0  0
 3  0     12 10414172   5688 524884    0    0    64    16 6619 6960 36 20 44  0  0  0
 7  0     12 10354268   5688 566936    0    0   156   496 7301 9217 48 21 30  0  0  0
 6  0     12 10313196   5688 605660    0    0     0    16 6639 8575 29 31 40  0  0  0
 5  0     12 10280616   5688 645940    0    0     0    16 6948 8767 31 32 37  0  0  0
10  0     12 10207968   5696 684524    0    0     0   444 6577 8264 25 30 45  0  0  0
 4  0     12 10140116   5696 722264    0    0    56    16 6200 8168 25 31 45  0  0  0
 4  0     12 10103268   5696 760320    0    0     0   412 6231 8195 21 31 48  0  0  0
 7  0     12 10065664   5696 798996    0    0     0    16 6357 8148 23 31 45  0  0  0
 3  0     12 10026588   5696 836492    0    0     0    16 6026 7565 21 30 48  0  0  0
 6  0     12 9987020   5704 877168    0    0     0   184 8167 9300 41 25 34  0  0  0
12  0     12 9945600   5704 916736    0    0     0    16 7280 8623 33 28 39  0  0  0
 7  0     12 9891712   5704 951904    0    0     0   372 6076 7444 22 28 49  0  0  0
procs -----------memory---------- ---swap-- -----io---- -system-- -------cpu-------
 r  b   swpd   free   buff  cache   si   so    bi    bo   in   cs us sy id wa st gu
21  0     12 9805360   5704 992464    0    0     0    16 7547 8939 41 22 37  0  0  0
 9  0     12 9735660   5704 1029944    0    0     0    16 6234 7757 26 29 44  0  0  0
 2  0     12 9670892   5712 1064460    0    0     0   116 6273 7728 19 24 57  0  0  0
 4  0     12 9635652   5712 1100688    0    0     0    16 5854 7537 20 31 49  0  0  0
 5  0     12 9596716   5712 1139612    0    0     0   348 6499 8230 23 31 45  0  0  0
 5  0     12 9557900   5712 1179368    0    0     4    16 6637 8344 18 34 48  0  0  0
10  0     12 9481580   5712 1219048    0    0     0    16 7011 8369 20 33 47  0  0  0
 5  0     12 9407324   5720 1257536    0    0     0   232 6283 8063 15 37 48  1  0  0
 5  0     12 9369048   5720 1295656    0    0     0    20 5496 7547 10 41 49  0  0  0
 9  0     12 9330932   5720 1334500    0    0     0   424 5779 7686  9 41 50  0  0  0
 2  0     12 9295292   5720 1370688    0    0     0 20556 5061 6931 10 46 43  1  0  0
 6  0     12 9254608   5720 1409824    0    0     0 37016 5933 7625 14 42 43  1  0  0
 7  0     12 9217960   5728 1446824    0    0     0 41204 5348 7275 10 43 46  1  0  0
 1  0     12 9136760   5728 1484920    0    0     0 214660 4710 6926 10 56 34  0  0  0
 8  0     12 9046432   5728 1522948    0    0     0 255416 4990 7119 16 53 29  2  0  0
10  0     12 8968416   5728 1560072    0    0     0 263904 4883 6993  8 56 35  1  0  0
 4  0     12 8884032   5728 1597384    0    0     0 75132 5303 7042  9 47 44  1  0  0
 2  0     12 8802864   5736 1634308    0    0     0    88 5808 7329  8 41 51  0  0  0
 3  0     12 8752044   5736 1673264    0    0     0    16 5948 7866 19 40 41  0  0  0
 7  0     12 8712268   5736 1712076    0    0     8  1572 5819 7797 11 42 45  1  0  0
 4  0     12 8673048   5736 1751752    0    0     0    16 6151 7864 16 38 46  0  0  0
procs -----------memory---------- ---swap-- -----io---- -system-- -------cpu-------
 r  b   swpd   free   buff  cache   si   so    bi    bo   in   cs us sy id wa st gu
 6  0     12 8637660   5736 1787032    0    0     0    16 5448 7122 12 31 56  0  0  0
 5  0     12 8600368   5744 1825180    0    0     0   132 5390 7472  9 43 48  0  0  0
 2  0     12 8560676   5744 1863764    0    0     0    16 5895 7837  8 39 53  0  0  0
 7  0     12 8519892   5744 1902924    0    0     0   372 5925 8489  6 34 59  1  0  0
 3  0     12 8483032   5744 1940980    0    0     0    16 6133 8345 12 32 56  0  0  0
 4  0     12 8443460   5744 1980220    0    0     0    16 6037 8347 13 33 54  0  0  0
 7  0     12 8403180   5744 2020164    0    0     0    16 6594 8796 14 30 56  0  0  0
 7  0     12 8321016   5752 2058744    0    0     0   124 5896 8143  7 37 57  0  0  0
 1  0     12 8233640   5752 2097076    0    0     0   372 5872 8169  8 35 57  0  0  0
 1  0     12 8146952   5752 2135008    0    0     0    16 5688 7985  6 35 59  0  0  0
 9  0     12 8053948   5752 2174080    0    0     0    16 6287 8532  7 32 61  0  0  0
 7  1     12 8017684   5756 2212712    0    0     0    48 5518 7859  8 37 55  1  0  0
 4  0     12 7981728   5768 2250508    0    0     0 33208 5372 7719  8 41 51  0  0  0
 4  0     12 7941344   5768 2289260    0    0     0 56124 5484 7755  7 38 54  0  0  0
 2  0     12 7904964   5768 2329244    0    0     0 34840 5712 8055  7 36 56  0  0  0
 3  0     12 7865368   5768 2367412    0    0     0 32784 5598 7932  7 36 56  0  0  0
13  1     12 7825640   5772 2405084    0    0     0 180392 4655 6856  7 50 42  1  0  0
 8  0     12 7780404   5776 2439844    0    0     0 331316 4226 6297  8 48 43  2  0  0
 0  0     12 7743804   5776 2476016    0    0     4 195628 4623 6826  6 51 42  1  0  0
 5  1     12 7706856   5776 2514040    0    0     0    20 5550 7865  8 35 57  0  0  0
 6  0     12 7668584   5776 2553308    0    0     0    20 5669 7977  6 36 58  0  0  0
procs -----------memory---------- ---swap-- -----io---- -system-- -------cpu-------
 r  b   swpd   free   buff  cache   si   so    bi    bo   in   cs us sy id wa st gu
 7  0     12 7627728   5780 2592852    0    0     0    28 6724 9022  6 31 63  0  0  0
 5  0     12 7587612   5800 2631368    0    0     0   184 5739 7914  7 36 56  1  0  0
10  0     12 7549364   5800 2670000    0    0     0   348 5919 8305  8 37 55  0  0  0
 9  0     12 7513912   5800 2709248    0    0     0    16 5699 8102 11 37 53  0  0  0
 5  0     12 7474504   5800 2748092    0    0     0    12 6095 8533  7 32 61  0  0  0
 6  1     12 7435828   5800 2786676    0    0     0    16 5843 8131  7 36 57  0  0  0
14  1     12 7397756   5808 2825420    0    0     0   156 5723 8221  6 35 58  0  0  0
 7  0     12 7357956   5808 2864692    0    0     0   596 5830 8096  7 37 56  1  0  0
 6  0     12 7320496   5808 2903636    0    0     0    16 5639 8003  7 35 58  0  0  0
 3  1     12 7281648   5808 2941784    0    0     0    24 5539 7817  6 38 56  0  0  0
 4  0     12 7242584   5808 2979436    0    0     0     8 5542 7784  6 37 57  0  0  0
12  1     12 7204176   5816 3019180    0    0     0    32 6022 8265  7 34 58  0  0  0
 8  1     12 7164400   5816 3057656    0    0     0   400 5783 8131  6 35 58  0  0  0
12  0     12 7126632   5816 3095736    0    0     0 20588 5454 7733  6 39 55  0  0  0
 5  0     12 7087272   5816 3135288    0    0     0 36984 6039 8260  6 36 58  0  0  0
 4  0     12 7047992   5816 3173600    0    0     0 36948 5628 7916  8 38 53  1  0  0
 5  0     12 6966420   5816 3211940    0    0     0 49244 5568 7778  6 39 54  0  0  0
 2  0     12 6874520   5824 3250880    0    0     0 33932 5741 7917  7 37 55  1  0  0
 9  0     12 6826968   5824 3287896    0    0     0 69728 5137 7430  6 43 51  0  0  0
10  0     12 6792116   5824 3324668    0    0     0 269752 4470 6713  6 56 37  2  0  0
 8  0     12 6756172   5824 3361548    0    0     0 268284 4451 6828  5 53 42  0  0  0
procs -----------memory---------- ---swap-- -----io---- -system-- -------cpu-------
 r  b   swpd   free   buff  cache   si   so    bi    bo   in   cs us sy id wa st gu
 0  0     12 6716812   5824 3400388    0    0     0 155596 5179 7452  6 46 47  1  0  0
 6  0     12 6678404   5832 3438396    0    0     0  2672 6082 8472  8 32 60  1  0  0
 1  0     12 6640412   5832 3477368    0    0     0    16 5923 8247  7 34 59  0  0  0
 7  0     12 6601384   5832 3515416    0    0     0    16 5240 7632  7 41 52  0  0  0
 3  0     12 6560772   5832 3556112    0    0     0    16 6537 8774  6 32 62  0  0  0
10  0     12 6521724   5832 3594764    0    0     0    76 5865 8313  7 36 58  0  0  0
 5  0     12 6482152   5840 3633916    0    0     0   436 6303 8444  7 35 58  0  0  0
 2  0     12 6443896   5840 3672692    0    0     0    16 6122 8491  6 34 59  0  0  0
 1  0     12 6403276   5840 3711680    0    0     0    16 5960 8310  7 33 60  0  0  0
 5  0     12 6366172   5840 3750056    0    0     0    16 5554 7783  6 38 56  0  0  0
 9  0     12 6326760   5840 3789536    0    0     0    32 6431 8759  6 32 61  0  0  0
 2  1     12 6287408   5848 3827744    0    0     0   444 5676 7875  7 35 58  1  0  0
 8  0     12 6248228   5848 3866212    0    0     0    16 5757 7955  7 33 60  0  0  0
 4  0     12 6185620   5848 3903684    0    0     0    16 5260 7420  7 38 56  0  0  0
 8  0     12 6097252   5848 3942824    0    0     0    16 5700 7977  7 36 57  0  0  0
 6  0     12 6009440   5848 3982372    0    0     0    16 6404 8651  6 34 60  0  0  0
 4  0     12 5863180   5856 4020708    0    0     0 33472 5120 7392  7 42 50  1  0  0
 8  1     12 5781716   5856 4056696    0    0     0 41056 5510 7621  7 38 54  1  0  0
 9  0     12 5688780   5856 4097016    0    0     0 65620 5754 8105  7 40 54  0  0  0
 7  0     12 5607348   5856 4134508    0    0     0 24592 5514 7791  6 38 56  0  0  0
 3  0     12 5518472   5856 4173952    0    0     0 41044 6096 8269  8 37 54  0  0  0
procs -----------memory---------- ---swap-- -----io---- -system-- -------cpu-------
 r  b   swpd   free   buff  cache   si   so    bi    bo   in   cs us sy id wa st gu
 4  1     12 5433988   5864 4211820    0    0     4 137160 5036 7342  6 46 46  1  0  0
 5  0     12 5345112   5864 4250228    0    0     0    16 5801 8143  7 37 56  0  0  0
 5  0     12 5300004   5864 4288288    0    0     0    16 5386 7860  9 38 52  0  0  0
 5  0     12 5262348   5864 4326612    0    0     0 32860 5435 7753  6 37 57  0  0  0
 6  0     12 5225676   5864 4365448    0    0     0 32784 5905 8235  7 35 58  0  0  0
13  1     12 5186816   5868 4402748    0    0     0 211816 4370 6898  8 55 37  1  0  0
 8  0     12 5151468   5872 4438256    0    0     0 269028 4292 6697  6 52 40  2  0  0
 2  0     12 5113672   5872 4478032    0    0     0 96820 5444 7873 10 40 49  1  0  0
 1  0     12 5074872   5872 4516920    0    0     0    16 6024 8337 13 33 54  0  0  0
 4  0     12 5035980   5872 4555700    0    0     0    16 5929 8173 10 34 56  0  0  0
 3  1     12 4996832   5880 4594440    0    0     0  2128 5710 8220  6 35 58  1  0  0
 2  0     12 4959016   5880 4632916    0    0     0    16 5847 8076  6 36 58  0  0  0
 0  0     12 4918524   5880 4672180    0    0     0    16 5500 7748  7 37 56  0  0  0
 8  0     12 4882020   5880 4709120    0    0     0    16 5339 7589  6 38 56  0  0  0
 4  0     12 4842936   5880 4748880    0    0     0    24 5984 8309  6 36 58  0  0  0
 6  0     12 4803028   5888 4788108    0    0     0   456 5936 8205  6 36 58  1  0  0
 7  0     12 4767564   5888 4824988    0    0     0    16 5386 7619  6 38 56  0  0  0
 4  0     12 4724852   5888 4864800    0    0     0    16 6336 8745  6 31 62  0  0  0
