procs -----------memory---------- ---swap-- -----io---- -system-- -------cpu-------
 r  b   swpd   free   buff  cache   si   so    bi    bo   in   cs us sy id wa st gu
 1  0      0 10855728   4444 289016    0    0   471  4933 3920   16  6 23 71  1  0  0
 1  0      0 10867908   4480 289064    0    0    36    44 1348 1048  0  1 99  0  0  0
 1  0      0 10873704   4480 289064    0    0     0    16 1261  823  0  1 99  0  0  0
12  0      0 10804268   4632 295476    0    0  6648   344 6555 6585 14 11 72  3  0  0
11  0      0 10769016   4632 310776    0    0   180    24 6675 11903 52 26 21  0  0  0
11  0      0 10735276   4632 327264    0    0     0    16 6913 11367 39 26 35  0  0  0
 9  0      0 10656160   4632 343464    0    0     0   176 6258 10937 49 19 32  0  0  0
 5  0      0 10624688   4776 356100    0    0   144    16 5497 8406 27 23 49  0  0  0
17  0      0 10603076   4784 369556    0    0     0 12380 6157 8729 31 36 33  0  0  0
 8  0      0 10568356   4784 386848    0    0     0    16 7444 10758 36 33 31  0  0  0
10  0      0 10542084   4784 404996    0    0     0    16 7595 11288 46 29 25  0  0  0
 7  0      0 10509604   4784 421036    0    0   160   516 6940 11370 36 34 30  0  0  0
 6  1      0 10485456   5316 434860    0    0  1312    16 5803 10292 29 36 35  1  0  0
 6  0      0 10464648   5332 450236    0    0    52 20616 6249 10711 32 42 26  0  0  0
 9  0      0 10466556   5332 461068    0    0     0 116456 3632 7037  9 64 24  2  0  0
 6  0      0 10452260   5332 474028    0    0     0    16 5032 8851  9 53 38  0  0  0
 4  0      0 10439912   5332 486068    0    0     0   612 4984 8521  6 55 39  0  0  0
 3  0      0 10427088   5332 498864    0    0     0    16 5216 8817  7 52 41  0  0  0
 7  0      0 10412248   5332 511232    0    0     0    16 5001 8603 10 51 39  0  0  0
 5  0      0 10400684   5340 523208    0    0     0    36 4798 8404  7 54 39  1  0  0
 9  0      0 10388336   5340 535672    0    0     0    16 4986 8747  7 53 40  0  0  0
procs -----------memory---------- ---swap-- -----io---- -system-- -------cpu-------
 r  b   swpd   free   buff  cache   si   so    bi    bo   in   cs us sy id wa st gu
12  0      0 10375288   5340 547972    0    0     0   276 4948 8409  7 54 38  1  0  0
 4  0      0 10362184   5340 560400    0    0     0    16 5051 8715  8 53 39  0  0  0
 2  0      0 10348604   5340 572588    0    0     0    16 4868 8416  7 54 39  0  0  0
 6  0      0 10338388   5348 584424    0    0     0    36 4697 8433 10 53 38  0  0  0
 6  0      0 10326208   5452 597020    0    0   140    28 4776 8787  7 50 42  1  0  0
 7  0      0 10313332   5452 610512    0    0     0   272 5502 9626  8 46 45  0  0  0
 9  0      0 10301264   5452 622184    0    0     0    16 4464 8088  5 44 51  0  0  0
 4  0      0 10284348   5452 635468    0    0     0    16 5377 9471  7 47 46  0  0  0
 2  0      0 10248116   5460 647892    0    0     0   212 4839 8559  5 51 43  1  0  0
 8  0      0 10226696   5460 660712    0    0     0    16 5132 9074  5 48 46  0  0  0
10  0      0 10213592   5460 673536    0    0     0   280 5104 9013  5 50 45  1  0  0
 2  0      0 10201524   5460 686568    0    0     0    16 5154 9086  5 50 46  0  0  0
 9  0      0 10187972   5460 699200    0    0     0    16 5099 9080  7 48 45  0  0  0
 5  0      0 10173636   5468 711952    0    0     0   136 5110 9030  6 50 44  0  0  0
10  0      0 10160784   5468 725208    0    0     0    16 5343 9444  6 47 47  0  0  0
 7  0      0 10144908   5468 737352    0    0     0   272 4868 8722  5 48 46  1  0  0
 6  0      0 10131804   5468 750556    0    0     0    16 5498 9436  6 48 46  0  0  0
 4  0      0 10118448   5468 763852    0    0     0    16 5413 9301  5 47 48  0  0  0
 6  0      0 10105596   5476 776100    0    0     0   208 4854 8867  5 50 44  0  0  0
 6  0      0 10069308   5476 788776    0    0     8    16 5211 9019  6 50 44  0  0  0
12  0      0 10029772   5476 802456    0    0     0   276 5268 9383  9 48 43  1  0  0
procs -----------memory---------- ---swap-- -----io---- -system-- -------cpu-------
 r  b   swpd   free   buff  cache   si   so    bi    bo   in   cs us sy id wa st gu
 7  0      0 9989228   5476 815636    0    0     0    16 5337 9448  6 49 45  0  0  0
 3  0      0 9966056   5476 828808    0    0     0   196 5287 9279  9 49 42  0  0  0
 4  0      0 9953204   5484 841860    0    0     0    72 5013 8895  5 49 45  0  0  0
11  0      0 9940100   5484 854416    0    0     0    16 5428 9399  6 46 48  0  0  0
 8  0      0 9926756   5484 867700    0    0     0   276 5200 9167  5 48 46  1  0  0
 5  0      0 9912656   5484 881240    0    0     0    16 5330 9336  7 46 46  0  0  0
 5  0      0 9899352   5484 894012    0    0     0    16 5128 9032  6 48 45  0  0  0
 9  0      0 9885492   5492 907220    0    0     0    32 5011 9230  5 49 46  0  0  0
 5  0      0 9872136   5492 920120    0    0     0    16 5139 9133  5 49 46  0  0  0
 7  0      0 9859044   5492 932980    0    0     0   276 4925 8779  5 51 43  1  0  0
 7  0      0 9835104   5492 945384    0    0     0    16 4731 8541  6 50 44  0  0  0
 6  0      0 9796800   5492 957952    0    0     0    20 4882 8679  5 48 47  0  0  0
12  0      0 9759280   5500 970616    0    0     0    40 5111 9163  5 50 44  0  0  0
 8  0      0 9746428   5500 982984    0    0     0 20504 4623 8491  5 54 41  0  0  0
 4  0      0 9732568   5500 997484    0    0     0   348 5698 10005  5 46 47  1  0  0
 3  0      0 9719492   5500 1009880    0    0     0    16 5034 9090  6 47 47  0  0  0
 2  0      0 9706640   5500 1022556    0    0     0    16 5066 8849  4 51 45  0  0  0
11  0      0 9694040   5508 1035644    0    0     0   228 5066 9019  5 49 45  1  0  0
 4  4      0 9680936   5508 1048884    0    0     0 18008 5247 9118  5 52 43  0  0  0
 6  0      0 9666824   5508 1063000    0    0     0    20 5960 10027  5 47 47  0  0  0
 7  1      0 9652964   5508 1076252    0    0     0    16 5554 9553  5 49 47  0  0  0
procs -----------memory---------- ---swap-- -----io---- -system-- -------cpu-------
 r  b   swpd   free   buff  cache   si   so    bi    bo   in   cs us sy id wa st gu
 9  0      0 9640364   5508 1089236    0    0     0    16 4879 8679  5 50 45  0  0  0
 4  0      0 9625776   5516 1102604    0    0     0   124 5722 9950  5 48 46  0  0  0
 5  0      0 9611692   5516 1116200    0    0     0   272 5132 9243  5 50 44  0  0  0
 4  1      0 9576160   5516 1129848    0    0     0    16 5284 9331  5 48 47  0  0  0
 9  0      0 9534104   5516 1143128    0    0     0    16 5426 9332  7 47 46  0  0  0
 6  0      0 9493308   5516 1157112    0    0     0    16 5572 9543  5 47 48  0  0  0
 6  0      0 9449964   5524 1171360    0    0     0    64 5570 9823  7 47 45  0  0  0
 2  1      0 9410176   5524 1184212    0    0     0   468 5048 9152  5 51 43  1  0  0
13  0      0 9367644   5524 1198016    0    0     0    12 5684 9533  5 49 46  0  0  0
12  0      0 9327932   5524 1211516    0    0     0    16 5525 9430  5 49 46  0  0  0
 1  0      0 9284588   5524 1224480    0    0     0    16 5273 9237  6 48 47  0  0  0
10  0      0 9246576   5532 1237596    0    0     0   240 5441 9365  5 48 46  0  0  0
 9  0      0 9206788   5532 1250264    0    0     0   272 4839 8693  5 52 42  0  0  0
 2  0      0 9165964   5532 1264080    0    0     0    16 5747 9884  5 47 47  0  0  0
 1  0      0 9125392   5532 1277164    0    0     0    16 5175 9263  4 50 46  0  0  0
 5  0      0 9086332   5532 1290192    0    0     0    16 4923 8772  6 50 44  0  0  0
11  0      0 9047292   5540 1303304    0    0     0    56 5119 8934  5 50 45  0  0  0
 7  0      0 9007516   5540 1316252    0    0     0   360 5311 9366  6 49 45  1  0  0
14  0      0 8967728   5540 1328744    0    0     0    16 5241 9021  5 46 48  0  0  0
14  0      0 8926400   5540 1342160    0    0     0    20 5249 9226  6 50 45  0  0  0
 3  0      0 8887476   5540 1355156    0    0     0    24 5174 9117  6 49 45  0  0  0
procs -----------memory---------- ---swap-- -----io---- -system-- -------cpu-------
 r  b   swpd   free   buff  cache   si   so    bi    bo   in   cs us sy id wa st gu
12  0      0 8848220   5548 1367552    0    0     0    48 5072 8875  6 49 44  0  0  0
 5  0      0 8819320   5548 1380300    0    0     0   272 4815 8793  5 51 43  1  0  0
 8  0      0 8807040   5548 1393696    0    0     0    16 4953 8961  5 48 47  0  0  0
 7  0      0 8793684   5548 1406824    0    0     0    16 5305 9432  5 48 47  0  0  0
 8  0      0 8779348   5548 1420444    0    0     0    16 5191 9234  6 49 45  0  0  0
 8  0      0 8765992   5556 1433936    0    0     0    36 5349 9327  5 47 48  0  0  0
 5  0      0 8752636   5556 1447632    0    0     0   288 5566 9600  4 47 48  0  0  0
 8  0      0 8739028   5556 1460784    0    0     0    16 5485 9574  4 49 46  0  0  0
 7  0      0 8726204   5556 1473548    0    0     0    16 5209 8941  5 49 46  0  0  0
11  0      0 8713408   5556 1486040    0    0     0    16 4867 8661  6 47 47  0  0  0
 5  0      0 8700584   5564 1498708    0    0     0 16420 4609 8608  5 52 42  1  0  0
 6  0      0 8688488   5564 1511156    0    0     0 12772 4936 8753  3 51 45  0  0  0
15  0      0 8676448   5564 1522688    0    0     0 17152 4572 7950  4 45 51  0  0  0
 3  0      0 8663372   5564 1534964    0    0     0 12304 4798 8664  5 51 45  0  0  0
 6  0      0 8650324   5564 1547600    0    0     0    16 4784 8729  5 50 45  0  0  0
 8  0      0 8637484   5572 1560600    0    0     0 16536 4941 8788  5 50 44  0  0  0
10  0      0 8624896   5572 1573064    0    0     0 16876 4719 8576  5 50 45  0  0  0
12  0      0 8610784   5572 1585908    0    0     0 24592 5042 8976  6 48 45  0  0  0
 7  0      0 8596420   5572 1599116    0    0     0    16 5223 9191  5 47 48  0  0  0
 9  0      0 8584100   5572 1610964    0    0     0 49508 4339 8198  4 56 39  1  0  0
10  0      0 8572788   5580 1621916    0    0     0 151596 3264 7154  4 65 29  2  0  0
procs -----------memory---------- ---swap-- -----io---- -system-- -------cpu-------
 r  b   swpd   free   buff  cache   si   so    bi    bo   in   cs us sy id wa st gu
 5  0      0 8561448   5580 1633660    0    0     0 142852 3397 7061  4 65 28  3  0  0
 6  0      0 8548372   5580 1647168    0    0     0    16 5684 9684  5 46 49  0  0  0
 6  0      0 8535764   5580 1660440    0    0     0    16 5379 9455  5 48 47  0  0  0
 7  0      0 8521692   5580 1673816    0    0     0    16 5580 9690  5 48 47  0  0  0
 5  0      0 8508616   5588 1686740    0    0     0    32 5169 9103  5 49 46  0  0  0
 8  0      0 8495260   5588 1699892    0    0     0   296 5433 9545  5 46 49  0  0  0
 5  0      0 8481456   5588 1712952    0    0     0    24 5374 9413  5 46 49  0  0  0
 9  0      0 8468856   5588 1726084    0    0     0    16 5494 9422  6 47 48  0  0  0
10  0      0 8455248   5588 1739724    0    0     0    16 5349 9267  5 49 46  0  0  0
 8  0      0 8440940   5592 1753292    0    0     0    40 5245 9307  5 48 47  0  0  0
 8  0      0 8427332   5596 1766640    0    0     0   344 5257 9480  5 50 45  1  0  0
10  0      0 8414256   5596 1779376    0    0     0    16 5008 8979  4 48 47  0  0  0
 4  0      0 8401152   5596 1792704    0    0     0    16 5083 9068  5 50 45  0  0  0
 9  0      0 8388048   5596 1805912    0    0     0    16 5210 9182  6 49 45  0  0  0
 4  0      0 8375224   5604 1818608    0    0     0    44 5075 9032  5 48 47  1  0  0
 7  0      0 8362120   5604 1831504    0    0     0   292 5161 9047  4 49 46  0  0  0
 2  0      0 8349268   5604 1844680    0    0     0    16 5092 9143  5 51 45  0  0  0
 5  0      0 8335688   5604 1857804    0    0     0    16 5065 9157  5 50 44  0  0  0
 2  0      0 8322836   5604 1870544    0    0     0    16 4872 8771  6 49 44  0  0  0
 5  0      0 8310024   5604 1883744    0    0     0    16 5327 9316  4 50 45  0  0  0
 3  0      0 8297676   5612 1895212    0    0     4   296 4429 8247  4 48 47  1  0  0
procs -----------memory---------- ---swap-- -----io---- -system-- -------cpu-------
 r  b   swpd   free   buff  cache   si   so    bi    bo   in   cs us sy id wa st gu
 9  0      0 8284572   5612 1908660    0    0     0    16 5007 8991  5 51 44  0  0  0
 2  0      0 8270740   5612 1921840    0    0     0    16 5205 9299  6 47 47  0  0  0
 5  0      0 8257412   5612 1934528    0    0     0    16 5153 9099  5 49 45  0  0  0
 1  0      0 8245064   5612 1947732    0    0     0    16 5185 9221  4 50 46  0  0  0
 2  0      0 8231960   5620 1960524    0    0     0 21084 5080 9043  5 51 42  1  0  0
 6  0      0 8218196   5620 1972996    0    0     0 10928 4790 8786  5 50 45  0  0  0
 6  0      0 8204672   5620 1984100    0    0     0 137240 3388 7536  4 67 28  1  0  0
 6  1      0 8192660   5620 1995108    0    0     0 148820 3245 7133  5 67 27  1  0  0
10  0      0 8181388   5620 2005984    0    0     0 167784 3243 7182  3 67 27  3  0  0
 5  0      0 8166520   5628 2017056    0    0     0 102692 3770 7743  4 60 34  2  0  0
 6  0      0 8153416   5628 2030112    0    0     0    16 5227 9289  5 46 48  0  0  0
 2  0      0 8140340   5628 2043568    0    0     0    16 5338 9439  5 49 46  0  0  0
 7  0      0 8127488   5628 2056444    0    0     0    16 5290 9194  6 48 46  1  0  0
 3  0      0 8113880   5628 2069200    0    0     0    20 5036 9163  5 48 46  0  0  0
 3  0      0 8101084   5636 2081584    0    0     0   308 4785 8759  5 49 45  1  0  0
 5  0      0 8088512   5636 2094240    0    0     0    32 5007 8939  5 48 47  0  0  0
 9  0      0 8075436   5636 2106684    0    0     0    16 5095 8870  5 49 46  0  0  0
 3  0      0 8062332   5636 2120032    0    0     0    16 4984 9082  5 49 46  0  0  0
 5  0      0 8049480   5636 2133072    0    0     0    16 5131 9148  5 47 48  0  0  0
 2  0      0 8036880   5636 2145444    0    0     0   280 5027 8957  4 50 45  1  0  0
 8  0      0 8023776   5644 2158332    0    0     0    60 5079 9049  5 49 46  0  0  0
procs -----------memory---------- ---swap-- -----io---- -system-- -------cpu-------
 r  b   swpd   free   buff  cache   si   so    bi    bo   in   cs us sy id wa st gu
 7  0      0 8011176   5644 2170880    0    0     0    16 4862 8805  4 49 46  0  0  0
 4  0      0 7998324   5644 2184340    0    0     0    16 5083 9179  5 51 44  0  0  0
 8  0      0 7985500   5644 2196732    0    0     0    16 5227 9254  4 49 47  0  0  0
 3  0      0 7972396   5644 2209848    0    0     0   276 5232 9192  4 50 45  0  0  0
 5  0      0 7959052   5652 2222616    0    0     0   144 5018 9044  5 51 44  0  0  0
 7  0      0 7945976   5652 2235860    0    0     0    16 5209 9097  6 48 46  0  0  0
 5  0      0 7931400   5652 2249568    0    0     0    16 5534 9551  6 48 46  0  0  0
 5  0      0 7918560   5652 2262748    0    0     0    16 5147 9267  5 48 47  0  0  0
 4  0      0 7905960   5652 2274700    0    0     0   280 4698 8534  4 49 46  0  0  0
 3  0      0 7893360   5660 2287688    0    0     0   248 5091 9026  5 49 45  1  0  0
11  0      0 7880508   5660 2299940    0    0     0    16 5413 9142  5 45 50  0  0  0
 5  0      0 7867460   5660 2312652    0    0     0    16 5028 9019  4 49 47  0  0  0
 4  0      0 7854888   5660 2325328    0    0     0    16 5314 9298  5 46 48  0  0  0
 6  0      0 7842540   5660 2338184    0    0     0   280 5155 9017  5 48 46  1  0  0
 1  0      0 7829240   5668 2350828    0    0     0    52 5100 8989  5 47 49  0  0  0
 5  0      0 7815912   5668 2363464    0    0     0    16 5063 8972  4 50 46  0  0  0
10  0      0 7803816   5668 2376248    0    0     0   192 4920 8968  5 52 43  0  0  0
 4  0      0 7790712   5668 2389076    0    0     0    16 4933 8888  5 46 49  0  0  0
 6  0      0 7778364   5668 2401312    0    0     0   272 4703 8516  4 49 46  0  0  0
 3  0      0 7764756   5676 2414780    0    0     0    32 5344 9465  7 47 46  0  0  0
11  0      0 7752660   5676 2426536    0    0     0    20 4693 8349  5 50 45  0  0  0
procs -----------memory---------- ---swap-- -----io---- -system-- -------cpu-------
 r  b   swpd   free   buff  cache   si   so    bi    bo   in   cs us sy id wa st gu
 7  0      0 7740564   5676 2438880    0    0     0    24 4757 8522  6 49 45  0  0  0
 1  0      0 7727460   5676 2451416    0    0     0    16 5105 9027  4 50 46  0  0  0
 3  0      0 7714116   5676 2464108    0    0     0   276 4905 8777  5 50 44  0  0  0
 9  0      0 7685388   5684 2477088    0    0     0    52 5384 9238  6 48 46  0  0  0
11  0      0 7645824   5684 2490272    0    0     0    16 5278 9313  5 49 46  0  0  0
 8  0      0 7607016   5684 2503284    0    0     0    16 5121 9066  5 48 47  0  0  0
 9  0      0 7565436   5684 2516472    0    0     0    16 5287 9309  4 52 43  0  0  0
 5  0      0 7526628   5684 2529016    0    0     0 16720 4916 8737  4 51 44  1  0  0
11  0      0 7485804   5692 2542160    0    0     0 13216 4945 8972  5 55 40  0  0  0
 6  0      0 7445712   5696 2556192    0    0     0 28772 5081 9122  6 51 44  0  0  0
 7  0      0 7404144   5696 2570092    0    0     0    16 5617 9659  6 49 45  0  0  0
 3  0      0 7364532   5696 2583900    0    0     0 12432 5319 9342  5 50 44  0  0  0
11  0      0 7325512   5696 2596124    0    0     0 21068 4988 8795  4 51 44  1  0  0
 7  0      0 7286228   5704 2608768    0    0     0 16452 5086 9056  4 51 44  1  0  0
10  0      0 7247012   5704 2621388    0    0     0 47832 4497 8433  4 56 40  1  0  0
