procs -----------memory---------- ---swap-- -----io---- -system-- -------cpu-------
 r  b   swpd   free   buff  cache   si   so    bi    bo   in   cs us sy id wa st gu
 1  0      0 10953376   5944 288160    0    0   461  1969 3272   11  4 16 79  1  0  0
 1  0      0 10954668   5996 288244    0    0    36    32 1384 1033  0  1 99  0  0  0
 1  0      0 10955984   6012 288248    0    0     0   356 1188  759  0  1 99  0  0  0
 3  0      0 10898792   6168 294276    0    0  6136    32 5816 5534 12  8 77  3  0  0
13  1      0 10787752   6744 298668    0    0  1588  2580 6444 10082 46 28 24  3  0  0
 9  2      0 10773388   7600 300656    0    0     0  3972 6423 11786 41 39 15  4  0  0
 5  0      0 10746676   8012 302704    0    0   204  2084 5657 10409 36 41 19  4  0  0
 3  0      0 10716688   8036 304564    0    0    16   156 7127 8471 41 23 36  0  0  0
 7  0      0 10704592   8052 305496    0    0     0  6040 4322 5535 12 23 65  0  0  0
 6  0      0 10683676   8068 307048    0    0     0    96 5880 7126 27 26 46  0  0  0
 6  0      0 10662800   8672 309760    0    0  1576   384 6741 11019 49 25 25  1  0  0
11  0      0 10638104   8688 311032    0    0     0    96 5561 9030 22 34 44  0  0  0
 4  0      0 10609628   8848 312784    0    0   136   132 6817 10208 37 34 29  0  0  0
10  0      0 10592744   8864 314348    0    0     0    96 6362 10083 29 37 33  0  0  0
 8  0      0 10587956   8880 315648    0    0     0    96 6165 9716 32 37 31  0  0  0
 8  0      0 10587200   8912 317392    0    0    56   212 6224 9528 26 34 39  0  0  0
 7  0      0 10583924   8928 318968    0    0     0   264 6288 9751 37 33 30  0  0  0
 7  0      0 10583672   8952 320352    0    0     0   308 5861 9160 27 33 40  0  0  0
 2  0      0 10565528   8968 321708    0    0     0    96 5682 9210 25 35 39  0  0  0
 2  0      0 10547888   8984 322972    0    0     0    96 5960 9003 29 26 44  1  0  0
12  0      0 10547636   9016 324452    0    0     0   200 4916 8422  8 49 42  0  0  0
procs -----------memory---------- ---swap-- -----io---- -system-- -------cpu-------
 r  b   swpd   free   buff  cache   si   so    bi    bo   in   cs us sy id wa st gu
16  0      0 10544864   9032 325968    0    0     0    96 6660 9948 34 33 33  0  0  0
 8  0      0 10539824   9048 327172    0    0     0    96 5354 8639 20 37 42  1  0  0
 6  0      0 10539320   9076 328388    0    0     0   136 4716 8080 10 48 41  0  0  0
 7  0      0 10539068   9092 329792    0    0     0    96 5362 8529 21 33 46  0  0  0
 7  0      0 10538060   9124 330976    0    0     0   216 5055 8740 13 43 43  1  0  0
10  0      0 10534784   9140 332440    0    0     0    96 5638 9705 16 36 48  0  0  0
 2  0      0 10527224   9156 333868    0    0     4   232 5850 9607 20 35 45  0  0  0
18  0      0 10533720   9180 335072    0    0     0 11292 5013 8445 12 31 56  1  0  0
 2  0      0 10525316   9196 336364    0    0     0    96 5062 8789 10 42 48  0  0  0
 4  0      0 10524812   9228 337624    0    0     0   212 5743 9434 12 39 47  1  0  0
 9  0      0 10523552   9244 339184    0    0     0    92 5100 8771  8 43 49  0  0  0
 6  0      0 10522292   9260 340280    0    0     0    96 4842 8332  5 40 55  0  0  0
13  0      0 10521564   9284 341388    0    0     0 23068 4306 7913  8 49 43  1  0  0
 8  0      0 10520556   9300 342836    0    0     0    96 4589 8306  6 45 48  1  0  0
 3  0      0 10519548   9332 344288    0    0     0   608 4870 8905  6 42 51  1  0  0
 6  0      0 10518792   9348 345436    0    0     0    96 4299 7859  4 39 55  1  0  0
 4  0      0 10518036   9364 346540    0    0     0    96 4406 8120  5 45 49  1  0  0
 5  0      0 10515292   9388 348360    0    0     0   296 6005 9773 21 35 43  0  0  0
 5  0      0 10514284   9404 349604    0    0     8    96 5096 8795 12 36 51  1  0  0
 1  0      0 10510504   9868 351580    0    0  1328   204 4404 8297  5 51 41  2  0  0
 3  0      0 10509496   9884 352840    0    0     0   100 5559 9303  5 44 51  1  0  0
procs -----------memory---------- ---swap-- -----io---- -system-- -------cpu-------
 r  b   swpd   free   buff  cache   si   so    bi    bo   in   cs us sy id wa st gu
 3  0      0 10508992   9900 354372    0    0     0    96 4729 8467  4 47 48  1  0  0
 2  0      0 10506976   9924 355984    0    0     0   380 5351 9197 12 39 48  0  0  0
 3  0      0 10505968   9940 357000    0    0     0    96 5017 8619  7 41 51  1  0  0
10  0      0 10504960   9972 358260    0    0     0   204 4324 8136  4 47 48  1  0  0
10  0      0 10499668   9988 359564    0    0     0    96 4916 8497  8 45 47  1  0  0
 1  0      0 10498660  10004 360972    0    0     0    96 5041 8874  8 42 50  0  0  0
 6  1      0 10496140  10028 362268    0    0     0   184 4730 8350  4 44 51  1  0  0
 4  0      0 10494376  10044 363704    0    0     0    96 4614 8433  6 48 45  1  0  0
 7  0      0 10493620  10076 365060    0    0     0   200 4853 8822  6 44 49  1  0  0
 5  0      0 10492360  10092 366252    0    0     0    96 5292 9128  6 43 51  0  0  0
 5  0      0 10490848  10108 367776    0    0     0    96 5096 8814  7 45 48  0  0  0
13  0      0 10490092  10136 368924    0    0     0   316 5400 9145  4 43 52  1  0  0
 7  1      0 10488328  10152 370548    0    0     0   100 5052 8713  3 43 52  1  0  0
 6  0      0 10486816  10184 371812    0    0     0   200 4786 8563  6 44 49  1  0  0
10  2      0 10485304  10200 373084    0    0     0    96 4370 7918  5 48 46  1  0  0
 1  0      0 10484296  10216 374344    0    0     0    96 4756 8440  5 45 50  0  0  0
10  1      0 10483288  10240 375644    0    0     0   192 4597 8157  3 44 51  1  0  0
 5  1      0 10481776  10264 376976    0    0     0 10508 4225 7901  6 47 46  1  0  0
 6  1      0 10480516  10296 378228    0    0     0   204 5237 8810  4 43 52  1  0  0
12  1      0 10479508  10312 379652    0    0     0    96 4580 8248  3 45 50  1  0  0
 4  0      0 10476736  10328 380792    0    0     0   100 4861 8469  4 44 52  0  0  0
procs -----------memory---------- ---swap-- -----io---- -system-- -------cpu-------
 r  b   swpd   free   buff  cache   si   so    bi    bo   in   cs us sy id wa st gu
 8  1      0 10476232  10352 381788    0    0     0   204 5054 8615  4 45 51  1  0  0
 8  0      0 10474468  10368 383252    0    0     0 30068 4164 7692  3 52 44  1  0  0
10  1      0 10473712  10400 384564    0    0     0   204 4694 8455  5 44 51  1  0  0
15  0      0 10472704  10408 385896    0    0     0   120 4413 8131  4 47 48  1  0  0
 7  1      0 10470940  10432 387224    0    0     0   140 4981 8757  4 44 50  1  0  0
 4  1      0 10468672  10460 388484    0    0     4   176 4667 8322  6 48 46  1  0  0
 6  1      0 10467916  10476 389848    0    0     0   100 5147 9061 12 41 46  0  0  0
 4  0      0 10465144  10556 391376    0    0     0   624 5078 8968  4 45 49  2  0  0
10  1      0 10463884  10572 392708    0    0     0    96 4944 8630  4 44 52  0  0  0
 3  0      0 10462876  10580 394008    0    0     0    56 4964 8749  3 44 53  0  0  0
 7  4      0 10462372  10600 395020    0    0     0   136 4688 8284  6 47 46  1  0  0
 4  1      0 10461112  10620 396676    0    0     0   104 5002 8713  3 40 56  0  0  0
 4  1      0 10459852  10652 397824    0    0     0   204 4915 8568  4 45 50  1  0  0
12  0      0 10458088  10668 399512    0    0     0   260 4976 8439  4 45 49  1  0  0
 7  1      0 10457080  10692 400632    0    0     0   140 4879 8584  4 43 52  0  0  0
 8  0      0 10455820  10700 402208    0    0     0    52 5457 9232  4 40 56  0  0  0
 5  2      0 10454560  10720 403416    0    0     0   140 4901 8659  4 45 51  1  0  0
 8  1      0 10453048  10748 404744    0    0     0   168 4770 8289  4 46 49  1  0  0
 2  0      0 10452040  10772 405860    0    0     0   116 4648 8374  4 47 48  1  0  0
 8  0      0 10447756  10788 407356    0    0     0   112 4713 8354  5 44 51  0  0  0
11  0      0 10432636  10804 408644    0    0     0    96 4684 8154  3 47 50  0  0  0
procs -----------memory---------- ---swap-- -----io---- -system-- -------cpu-------
 r  b   swpd   free   buff  cache   si   so    bi    bo   in   cs us sy id wa st gu
 3  0      0 10417012  10820 409888    0    0     0    96 4729 8477  8 44 48  1  0  0
 6  0      0 10410964  10852 411168    0    0     0   216 4532 8236  5 47 48  1  0  0
 4  0      0 10410460  10876 412596    0    0     0   112 4794 8399  4 45 51  1  0  0
 7  0      0 10409704  10892 413940    0    0     0    96 4876 8625  4 46 49  1  0  0
 5  0      0 10408444  10908 414948    0    0     0    96 4727 8343  3 44 52  0  0  0
 7  0      0 10406680  10924 416488    0    0     0    96 4899 8662  5 44 51  1  0  0
 3  0      0 10405672  10956 417760    0    0     0   228 4697 8412  4 47 49  1  0  0
 6  0      0 10405168  10984 418844    0    0     0 10260 4421 8044  4 48 47  1  0  0
 7  0      0 10404412  11004 420312    0    0     0   120 4855 8568  3 46 51  0  0  0
 6  0      0 10402900  11020 421864    0    0     0    96 4885 8492  4 45 51  0  0  0
 1  0      0 10401388  11036 423064    0    0     0   112 5059 8699  4 43 53  0  0  0
 4  0      0 10399624  11068 424380    0    0     0   212 4458 8058  4 48 47  1  0  0
 8  0      0 10397608  11084 425620    0    0     0 11976 4843 8520  4 48 47  1  0  0
 5  0      0 10383748  11108 426764    0    0     0 19772 4582 7932  4 49 43  4  0  0
 3  0      0 10370644  11124 428228    0    0     0    96 4592 8144  4 45 51  0  0  0
 6  0      0 10358296  11140 429688    0    0     0   192 4926 8739  5 45 49  1  0  0
 7  0      0 10344688  11172 430900    0    0     0   224 5082 8843  5 43 52  1  0  0
 5  0      0 10325284  11188 432292    0    0     0    96 5067 8716  4 44 52  0  0  0
 3  0      0 10314196  11216 433796    0    0     0   172 5063 8738  4 44 51  1  0  0
 5  0      0 10296304  11232 435180    0    0     0    96 4967 8652  4 46 49  1  0  0
12  0      0 10283956  11248 436304    0    0     0   148 4649 8301  3 45 51  1  0  0
procs -----------memory---------- ---swap-- -----io---- -system-- -------cpu-------
 r  b   swpd   free   buff  cache   si   so    bi    bo   in   cs us sy id wa st gu
 7  0      0 10277404  11280 437640    0    0     0   212 4426 7854  4 48 47  1  0  0
 3  0      0 10261780  11296 438932    0    0     0    96 4973 8638  4 44 52  1  0  0
 2  0      0 10248676  11320 440324    0    0     0   132 4843 8395  3 43 53  1  0  0
 6  0      0 10227508  11336 441504    0    0     0    96 5002 8635  4 44 52  0  0  0
 0  0      0 10210876  11352 442964    0    0     0   172 4748 8477  5 46 49  0  0  0
10  0      0 10209868  11384 444276    0    0     0   212 4795 8359  6 45 49  1  0  0
 4  0      0 10209868  11400 445460    0    0     0   112 4709 8336  4 43 52  1  0  0
 2  0      0 10209864  11424 446764    0    0     0   144 4830 8663  4 43 52  1  0  0
 7  0      0 10210764  11440 448112    0    0     0    96 4883 8536  4 43 53  1  0  0
 5  0      0 10211544  11460 449368    0    0     0   148 4642 8334  4 47 48  1  0  0
11  0      0 10211584  11492 450752    0    0     0   212 4553 8181  5 45 48  1  0  0
 2  0      0 10211212  11508 451984    0    0     0    96 4634 8358  4 42 54  0  0  0
 3  0      0 10210068  11532 453304    0    0     0   156 4616 8297  3 47 48  1  0  0
10  0      0 10208556  11548 454576    0    0     0    96 4799 8380  4 46 49  1  0  0
 5  0      0 10207068  11564 455780    0    0     0   104 4606 8483  3 48 48  0  0  0
 7  0      0 10206464  11596 457172    0    0     0   208 5039 8970  3 44 51  1  0  0
 1  0      0 10204952  11612 458744    0    0     0    96 5096 8877  4 44 52  1  0  0
 5  0      0 10203440  11644 459964    0    0     0 10248 4551 8137  4 46 49  1  0  0
10  0      0 10201928  11664 461140    0    0     0   124 4810 8441  4 44 51  0  0  0
 6  0      0 10200164  11680 462728    0    0     0    96 5064 8926  4 42 54  0  0  0
11  0      0 10198400  11712 463816    0    0     0   212 4602 8087  4 46 49  1  0  0
procs -----------memory---------- ---swap-- -----io---- -system-- -------cpu-------
 r  b   swpd   free   buff  cache   si   so    bi    bo   in   cs us sy id wa st gu
 8  0      0 10197236  11728 465292    0    0     0    96 4817 8487  4 43 52  1  0  0
 9  0      0 10196228  11752 466644    0    0     0   108 4999 8666  4 43 53  0  0  0
 7  0      0 10195472  11820 467636    0    0     0 30380 4105 7617  3 54 41  2  0  0
 8  0      0 10193960  11840 469112    0    0     0   140 4997 8709  3 43 54  1  0  0
 5  0      0 10192328  11904 470552    0    0     0   436 4761 8445  5 45 49  1  0  0
 7  0      0 10190816  11920 471608    0    0     0    96 5065 8750  4 42 54  1  0  0
 6  0      0 10189052  12112 473332    0    0   392   492 4871 8562  4 47 47  2  0  0
 5  0      0 10187792  12128 474652    0    0     0    96 4776 8496  4 44 52  0  0  0
 8  0      0 10185020  12144 475704    0    0     0    96 4665 8356  4 45 51  1  0  0
 9  0      0 10168892  12176 477184    0    0     0   376 4333 7884  4 48 47  1  0  0
 2  0      0 10154528  12192 478500    0    0     0    96 4761 8417  4 46 50  1  0  0
 4  0      0 10143188  12208 479784    0    0     0    96 5052 8721  3 47 50  0  0  0
 4  0      0 10126556  12252 481560    0    0   324   252 5140 8743  4 46 48  2  0  0
 4  0      0 10116980  12268 482984    0    0     0   136 4943 8815  4 45 51  1  0  0
 4  0      0 10101860  12300 484288    0    0     0   212 4668 8196  4 47 48  1  0  0
 7  0      0 10089008  12316 485620    0    0     0    92 4898 8668  3 44 52  1  0  0
 2  0      0 10075148  12332 486928    0    0     0    96 5126 8795  4 40 55  1  0  0
 8  0      0 10053728  12356 488212    0    0     0   124 4891 8308  3 44 53  0  0  0
 3  0      0 10035584  12372 489516    0    0     0    96 4499 8238  3 47 49  1  0  0
 3  0      0 10021220  12404 490744    0    0     0   260 4657 8443  4 46 49  1  0  0
 6  0      0 10006604  12420 492136    0    0     0    96 5056 8773  5 44 51  1  0  0
procs -----------memory---------- ---swap-- -----io---- -system-- -------cpu-------
 r  b   swpd   free   buff  cache   si   so    bi    bo   in   cs us sy id wa st gu
 4  0      0 9990980  12436 493524    0    0     0   104 5058 8638  3 47 50  0  0  0
 5  0      0 9982412  12460 494824    0    0     0   132 4939 8470  4 46 49  1  0  0
 4  0      0 9971576  12476 496224    0    0     0    96 5187 8927  6 47 47  0  0  0
 9  0      0 9961496  12508 497588    0    0     0   352 5159 8886  4 44 51  1  0  0
 6  0      0 9946628  12524 498948    0    0     0    96 4898 8610  4 48 48  0  0  0
 8  0      0 9933524  12540 500324    0    0     0    96 5399 8968  5 44 51  1  0  0
 5  0      0 9909836  12564 501712    0    0     0   116 5223 8954  4 44 51  0  0  0
 8  0      0 9908828  12584 503120    0    0     0 10884 5240 9122  5 43 52  1  0  0
12  0      0 9908828  12616 504556    0    0     0   200 5125 8928  3 44 52  1  0  0
 4  0      0 9908576  12632 505840    0    0     0    92 4755 8197  4 46 50  0  0  0
 5  0      0 9908072  12648 507092    0    0    16    96 4458 8043  6 46 48  1  0  0
10  0      0 9906560  12672 508412    0    0     0   116 4786 8452  7 43 49  1  0  0
 3  0      0 9906308  12688 509724    0    0     0   100 5023 8752  4 45 50  0  0  0
 7  0      0 9905804  12720 510840    0    0     0 31376 3824 7244  4 55 37  4  0  0
 5  0      0 9905048  12736 512184    0    0     0   100 4941 8591  4 45 51  1  0  0
 6  0      0 9903788  12752 513496    0    0     0    96 4639 8475  5 45 49  1  0  0
 9  0      0 9903032  12776 514828    0    0     0   116 4459 8158  4 47 48  1  0  0
 7  0      0 9901520  12792 516224    0    0     0   100 5234 9065  9 42 49  0  0  0
 9  0      0 9900260  12824 517580    0    0     0   208 4911 8726  4 42 53  1  0  0
12  0      0 9899000  12840 518912    0    0     0    96 4947 8604  4 43 52  1  0  0
 5  0      0 9897488  12856 520264    0    0     0    96 4987 8668  7 43 49  0  0  0
procs -----------memory---------- ---swap-- -----io---- -system-- -------cpu-------
 r  b   swpd   free   buff  cache   si   so    bi    bo   in   cs us sy id wa st gu
 9  0      0 9895472  12880 521600    0    0     0   124 5306 9037  4 45 50  1  0  0
 4  0      0 9894464  12896 523028    0    0     0   104 5248 9047  5 43 52  0  0  0
 1  0      0 9892952  12928 524276    0    0     0   280 4784 8283  4 45 50  1  0  0
11  0      0 9891692  12944 525628    0    0     0   112 4725 8520  4 45 50  1  0  0
 1  0      0 9890180  12960 526944    0    0     0    96 4581 8223  4 48 48  1  0  0
 2  0      0 9888920  12976 528272    0    0     0    96 4791 8620  4 46 50  0  0  0
 4  0      0 9887660  13000 529588    0    0     0   132 5223 8861  4 42 54  1  0  0
 2  0      0 9886148  13036 530976    0    0     0   248 4954 8855  4 45 50  1  0  0
 9  0      0 9883376  13052 532252    0    0     0   104 4818 8613  4 44 52  1  0  0
 3  0      0 9882872  13068 533592    0    0     0    96 4861 8405  3 45 52  0  0  0
 6  0      0 9881108  13084 534856    0    0     0    96 5041 8776  4 43 53  0  0  0
11  0      0 9879344  13108 536304    0    0     0   144 5050 8770  5 45 50  0  0  0
 4  0      0 9877832  13140 537584    0    0     0   228 4813 8420  4 47 49  1  0  0
 4  0      0 9876068  13156 538912    0    0     0    96 4898 8610  4 45 51  1  0  0
 3  0      0 9874556  13172 540400    0    0     0    96 5125 8942  3 46 50  1  0  0
