procs -----------memory---------- ---swap-- -----io---- -system-- -------cpu-------
 r  b   swpd   free   buff  cache   si   so    bi    bo   in   cs us sy id wa st gu
 2  0     12 10857720   6628 293008    0    0   701 39475 3704   13  6 20 73  1  0  0
 2  0     12 10864272   6696 293084    0    0    36   104 1394 1115  1  1 98  0  0  0
 1  0     12 10862812   6720 293084    0    0     0   132 1274  756  0  1 99  0  0  0
 1  0     12 10819604   6876 298856    0    0  6136   744 6563 5712 15 12 70  4  0  0
10  0     12 10338596   6900 406412    0    0   688    60 6645 8010 34 29 36  1  0  0
11  0     12 8971000   6916 877336    0    0     0    96 5149 11381 44 30 26  0  0  0
10  0     12 8002708   6948 1456696    0    0     0 229980 5132 12698 44 36 20  0  0  0
10  0     12 7504820   7040 1870184    0    0     0 410184 4072 9176 39 44 16  1  0  0
13  0     12 7162044   7056 2187988    0    0     0 794964 3090 7416 32 51 15  1  0  0
 8  0     12 6365948   7072 2681632    0    0     0 254504 5000 10699 40 42 18  0  0  0
12  1     12 5888216   7112 3157704    0    0   160 254252 5464 10242 35 42 22  1  0  0
13  0     12 5302600   7152 3588420    0    0     0 426268 4551 10267 32 50 17  0  0  0
 9  0     12 4932992   7176 3951992    0    0     0 393420 4896 9263 29 52 18  1  0  0
12  1     12 4489144   7464 4285520    0    0   920 436568 4578 8943 25 54 20  1  0  0
12  0     12 4253728   7480 4516388    0    0     0 485616 3682 7064 24 61 14  1  0  0
 7  0     12 3702404   7512 4937620    0    0     0 118360 6146 10670 30 47 23  0  0  0
 8  0     12 3822372   7528 5235728    0    0     0 152120 6131 8289 25 60 15  1  0  0
 8  1     12 3479632   7552 5578568    0    0     0 340508 4495 8973 31 51 18  0  0  0
13  0     12 2991428   7568 6014960    0    0     0 630556 3808 10246 37 48 14  1  0  0
11  0     12 2541972   7584 6442008    0    0     0 461968 4650 10403 34 45 20  1  0  0
 7  0     12 1983500   7616 6817792    0    0     0 133524 5993 10327 36 45 19  0  0  0
procs -----------memory---------- ---swap-- -----io---- -system-- -------cpu-------
 r  b   swpd   free   buff  cache   si   so    bi    bo   in   cs us sy id wa st gu
 7  0     12 1527232   7632 7137876    0    0     0 442468 4581 9017 45 42 13  0  0  0
 5  0     12 1641768   7648 7602400    0    0     0 344200 5074 11057 37 48 15  0  0  0
12  0     12 1026996   7672 8020344    0    0     0 498352 4586 10199 31 53 16  0  0  0
 9  0     12 756136   7688 8300944    0    0     0 580996 3775 8100 28 55 16  1  0  0
12  1     12 219688   5372 8619884    0    0     0 48092 6812 11550 30 43 27  1  0  0
15  4     12 273608   5460 8341684    0    0    68 502740 3783 6514 18 64 14  5  0  0
 8  0     12 140188   5596 8384592    0    0     0 452600 3742 8725 24 44 29  3  0  0
11  0     12 800360   5612 8255804    0    0     0    96 7158 11174 28 47 25  0  0  0
17  0     12 484208   5632 8618224    0    0     0 315492 4855 9060 27 53 19  1  0  0
 7  0     12 176204   5696 8689340    0    0     0 452532 4081 9800 23 58 19  0  0  0
10  0     12 126868   5724 8711528    0    0     0 352400 4472 8923 26 58 15  1  0  0
15  1     12 154264   5796 8685044    0    0     0 334604 4719 9678 27 51 21  1  0  0
10  0     12 130156   5880 8697880    0    0     0 304184 4812 8555 26 55 19  0  0  0
 7  0     12 212840   5944 8754004    0    0     4 378592 4804 7980 21 60 17  2  0  0
12  2     12 176300   6076 8785932    0    0     0 466256 4071 9008 23 61 15  1  0  0
 5  0     12 176932   5960 8780908    0    0     0 185540 5313 9831 27 52 21  0  0  0
13  2     12 195512   5988 8759752    0    0     0 340760 4488 7880 22 57 20  1  0  0
12  0     12 164176   6008 8694292    0    0     0 325280 4392 8865 22 58 19  1  0  0
11  2     12 138468   4880 8432452    0    0     8 326788 4554 8827 22 58 19  1  0  0
 8  0     12 149308   4912 8287780    0    0    16 490028 3369 7014 17 66 15  3  0  0
 5  0     12 344492   4928 8379556    0    0     0 228168 4568 6325 21 68 11  0  0  0
procs -----------memory---------- ---swap-- -----io---- -system-- -------cpu-------
 r  b   swpd   free   buff  cache   si   so    bi    bo   in   cs us sy id wa st gu
13  0     12 210144   4860 8520204    0    0     0 149696 5849 10692 26 51 22  1  0  0
 8  0     12 162024   4876 8567804    0    0     0 275492 4606 9483 27 56 16  1  0  0
 6  0     12 156968   4892 8572524    0    0     4 305524 3898 8243 22 63 14  0  0  0
 7  0     12 205460   4924 8519580    0    0     0 420064 3476 7205 19 66 14  1  0  0
 9  0     12 163208   4940 8568544    0    0     0 386712 3530 7063 20 59 18  2  0  0
 7  1     12 201940   4960 8413636    0    0     0 167976 6019 11382 27 47 25  1  0  0
 8  0     12 151668   4980 8364388    0    0     0 291408 4587 7784 22 56 20  3  0  0
 4  0     12 638660   4996 8557004    0    0     0 285652 4476 8049 22 60 18  0  0  0
10  0     12 303380   5028 8886472    0    0     0 303296 4558 8493 24 58 16  2  0  0
12  0     12 154576   5044 9051524    0    0     0 409044 3269 6180 16 65 18  2  0  0
13  1     12 167232   5132 8888564    0    0     8 299040 4260 8793 19 52 26  2  0  0
12  0     12 202784   5244 8850272    0    0     0 442452 3212 5802 14 60 12 14  0  0
 6  0     12 151148   5308 8541868    0    0     0 155872 5544 11768 23 51 24  1  0  0
 6  0     12 641432   5340 8485992    0    0     0 129152 5308 9897 24 51 24  2  0  0
11  0     12 265120   5360 8863640    0    0     0 326580 4211 9452 22 56 20  1  0  0
 7  0     12 178276   5376 8953088    0    0     0 329924 3847 7932 19 54 25  1  0  0
 9  0     12 145704   5408 8844756    0    0     0 344196 3711 8324 20 54 24  2  0  0
 8  0     12 152264   5448 8749364    0    0     0 282332 4799 9385 22 50 27  1  0  0
15  0     12 158560   5496 8452676    0    0     0 437844 3572 7175 18 61 19  3  0  0
 8  0     12 227440   5564 8309012    0    0    12 520900 3372 5621 15 51 30  4  0  0
 0  0     12 1321536   5564 8309032    0    0    16 43348 2241 1721  4  4 91  0  0  0
procs -----------memory---------- ---swap-- -----io---- -system-- -------cpu-------
 r  b   swpd   free   buff  cache   si   so    bi    bo   in   cs us sy id wa st gu
 3  0     12 1321676   5572 8309020    0    0     0   192  615  411  0  0 100  0  0  0
 0  0     12 1319912   5572 8309020    0    0     0     0  898  609  0  1 99  0  0  0
 5  0     12 1319912   5572 8309028    0    0     0     0 1168  970  0  1 99  0  0  0
 3  2     12 1319912   5580 8309020    0    0     0 15624  892  493  0  0 99  0  0  0
 2  0     12 1319408   5580 8309028    0    0     0 18732 1144  631  0  1 98  1  0  0
 0  0     12 1318664   5588 8309052    0    0     0   128  815  507  0  1 99  0  0  0
 0  0     12 1318664   5588 8309052    0    0     0     0  715  437  0  0 99  0  0  0
 1  0     12 1318664   5588 8309052    0    0     4     0  726  502  0  0 100  0  0  0
 0  0     12 1315400   5612 8309092    0    0     0    96 1217  672  1  1 98  0  0  0
 0  0     12 1314564   5612 8309096    0    0     0     0 1455  629  0  1 99  0  0  0
 0  0     12 1314312   5612 8309096    0    0     0   132  900  394  0  0 100  0  0  0
 0  0     12 1314312   5612 8309104    0    0     0     0  728  428  0  0 100  0  0  0
 0  0     12 1314312   5612 8309104    0    0     0     0  640  368  0  0 100  0  0  0
 1  0     12 1312552   5620 8309104    0    0     0    60  978  591  0  0 99  0  0  0
 0  0     12 1314384   5620 8309112    0    0     0    76  930  707  0  0 99  0  0  0
 1  0     12 1314384   5620 8309112    0    0     0     0  676  371  0  0 100  0  0  0
 0  0     12 1314384   5620 8309112    0    0     0     0  717  468  0  0 99  0  0  0
 1  0     12 1314384   5620 8309112    0    0     0     0  603  340  0  0 100  0  0  0
 0  0     12 1313884   5628 8309120    0    0     0    28  989  615  0  0 99  0  0  0
 0  0     12 1312384   5628 8309136    0    0     0     0 1040  626  0  1 99  0  0  0
 0  0     12 1312384   5628 8309140    0    0     0    36  756  379  0  0 100  0  0  0
procs -----------memory---------- ---swap-- -----io---- -system-- -------cpu-------
 r  b   swpd   free   buff  cache   si   so    bi    bo   in   cs us sy id wa st gu
 1  0     12 1312384   5628 8309148    0    0     0     0  823  454  0  0 100  0  0  0
 1  0     12 1312384   5636 8309148    0    0     0    28 1130  624  0  1 99  0  0  0
 2  0     12 1311880   5636 8309152    0    0     0     0 1100  600  0  1 99  0  0  0
 0  0     12 1311880   5636 8309152    0    0     0     0  719  446  0  0 100  0  0  0
 1  0     12 1311880   5636 8309160    0    0     0    56  615  404  0  0 100  0  0  0
 2  0     12 1310372   5636 8309160    0    0     0     0 1184  666  0  0 99  0  0  0
 4  0     12 1310372   5644 8309168    0    0     0 185160 1078  486  0  2 98  0  0  0
 4  0     12 1309124   5644 8309168    0    0     0     0  904  505  0  1 99  0  0  0
 1  0     12 1309124   5644 8309168    0    0     0    52  716  450  0  0 100  0  0  0
 1  0     12 1309124   5644 8309176    0    0     0     0  954  744  0  0 99  0  0  0
 3  0     12 1307868   5652 8309180    0    0     0   200 1104  650  0  1 99  0  0  0
 1  0     12 1305856   5664 8309188    0    0     0    92 1109  617  0  1 99  0  0  0
 0  0     12 1305856   5664 8309188    0    0     0     0  871  351  0  0 99  0  0  0
 0  0     12 1305856   5664 8309188    0    0     0    48  691  420  0  0 100  0  0  0
 1  0     12 1305856   5664 8309188    0    0     0     0  459  262  0  0 100  0  0  0
 1  0     12 1305364   5672 8309300    0    0     0    44 1230  541  0  1 99  0  0  0
 1  0     12 1305124   5672 8309320    0    0     0     0 1063  621  0  1 98  0  0  0
 1  0     12 1305124   5672 8309320    0    0     0     4  764  338  0  0 100  0  0  0
 0  0     12 1305124   5676 8309316    0    0     0   164  633  362  0  0 100  0  0  0
 0  0     12 1305124   5676 8309328    0    0     0     0  882  366  0  1 99  0  0  0
 0  0     12 1304116   5676 8309328    0    0     0     0  870  518  0  1 99  0  0  0
procs -----------memory---------- ---swap-- -----io---- -system-- -------cpu-------
 r  b   swpd   free   buff  cache   si   so    bi    bo   in   cs us sy id wa st gu
 0  0     12 1302100   5688 8309332    0    0     0    52 1182  694  0  1 99  0  0  0
 0  0     12 1302100   5688 8309340    0    0     0     0  684  397  0  0 99  0  0  0
 0  0     12 1302100   5688 8309340    0    0     0     0  689  373  0  0 100  0  0  0
 0  0     12 1302100   5688 8309340    0    0     0    56  841  494  0  0 100  0  0  0
 3  0     12 1302100   5688 8309348    0    0     0     0  992  516  0  1 99  0  0  0
 0  0     12 1302100   5700 8309340    0    0     0    52  916  499  0  1 99  0  0  0
 0  0     12 1302100   5700 8309348    0    0     0     0 1042  646  0  0 99  0  0  0
 0  0     12 1302100   5700 8309356    0    0     0     0  785  475  0  0 99  0  0  0
 0  0     12 1302100   5700 8309356    0    0     0    56  653  356  0  0 100  0  0  0
 0  0     12 1302100   5700 8309356    0    0     0     0  901  500  0  1 99  0  0  0
 0  0     12 1300340   5712 8309364    0    0     0    40 1038  646  0  1 99  0  0  0
 0  0     12 1300340   5712 8309368    0    0     0     0  697  390  0  0 100  0  0  0
 0  0     12 1300340   5712 8309368    0    0     0     0  895  523  0  1 99  0  0  0
 0  0     12 1300340   5712 8309368    0    0     0     0  720  369  0  0 100  0  0  0
 1  0     12 1299836   5712 8309376    0    0     0     0 1169  630  0  1 99  0  0  0
 1  0     12 1299836   5720 8309376    0    0     0    24 1359  881  0  1 99  0  0  0
 0  0     12 1299836   5720 8309376    0    0     0     0  880  496  0  0 100  0  0  0
 1  0     12 1299836   5720 8309384    0    0     0     0  760  434  0  0 100  0  0  0
 1  0     12 1299332   5720 8309384    0    0     0     0  840  460  0  1 99  0  0  0
 1  0     12 1298576   5720 8309384    0    0     0     0 1589  469  0  1 99  0  0  0
 0  0     12 1298576   5728 8309392    0    0     0    96 1067  585  0  1 99  0  0  0
procs -----------memory---------- ---swap-- -----io---- -system-- -------cpu-------
 r  b   swpd   free   buff  cache   si   so    bi    bo   in   cs us sy id wa st gu
 1  0     12 1298576   5728 8309396    0    0     0     0  671  344  0  0 100  0  0  0
 0  0     12 1298576   5728 8309396    0    0     0     0  662  422  0  0 100  0  0  0
 0  0     12 1297832   5728 8309404    0    0     0     0 1927 1238  1  2 97  0  0  0
 0  0     12 1297832   5736 8309408    0    0     0    28  763  420  0  0 100  0  0  0
 0  0     12 1296828   5736 8309408    0    0     0     0 1026  582  0  1 99  0  0  0
 0  0     12 1296828   5736 8309416    0    0     0     0 1043  735  0  1 99  0  0  0
 0  0     12 1296828   5736 8309416    0    0     0     0  597  336  0  0 100  0  0  0
 0  0     12 1295568   5736 8309416    0    0     0   172 1291  558  0  1 99  0  0  0
 0  0     12 1295316   5736 8309424    0    0     0     0 1319  685  0  1 99  0  0  0
 0  0     12 1295316   5744 8309424    0    0     0    16  817  451  0  1 99  0  0  0
 0  0     12 1295316   5744 8309428    0    0     0     0  767  438  0  0 100  0  0  0
 0  0     12 1295316   5744 8309436    0    0     0     0  804  408  0  0 99  0  0  0
 0  0     12 1294312   5744 8309436    0    0     0     0 1162  554  0  1 99  0  0  0
 0  0     12 1292548   5744 8309436    0    0     0     0 1019  643  0  1 99  0  0  0
 0  0     12 1292548   5752 8309444    0    0     0    16  853  472  0  0 100  0  0  0
 0  0     12 1292548   5752 8309444    0    0     0     0  990  665  0  1 99  0  0  0
 0  0     12 1292548   5752 8309444    0    0     0     0 1454 1137  0  1 99  0  0  0
 0  0     12 1290536   5752 8309460    0    0     0   116 1058  566  0  1 99  0  0  0
 0  0     12 1288520   5752 8309460    0    0     0     0 1125  669  0  1 99  0  0  0
 0  0     12 1288268   5760 8309464    0    0     0    52  774  401  0  0 99  0  0  0
 0  0     12 1288268   5760 8309464    0    0     0     0  725  378  0  0 100  0  0  0
procs -----------memory---------- ---swap-- -----io---- -system-- -------cpu-------
 r  b   swpd   free   buff  cache   si   so    bi    bo   in   cs us sy id wa st gu
 0  0     12 1288268   5760 8309464    0    0     0     0  682  372  0  0 100  0  0  0
 0  0     12 1287208   5760 8309476    0    0     0    48 1014  463  0  1 99  0  0  0
 0  0     12 1287544   5760 8309476    0    0     0     0  784  479  0  1 99  0  0  0
 0  0     12 1288020   5768 8309484    0    0     0    28  771  379  0  0 100  0  0  0
 0  0     12 1288020   5768 8309484    0    0     0     0  723  448  0  1 99  0  0  0
 2  0     12 1288020   5768 8309484    0    0     0     0  618  333  0  0 100  0  0  0
 0  0     12 1288052   5768 8309492    0    0     0     0 1118  587  1  1 98  0  0  0
 2  0     12 1287500   5768 8309492    0    0     0     0  859  581  0  1 99  0  0  0
 0  0     12 1287808   5776 8309492    0    0     0    16  750  435  0  1 99  0  0  0
 1  0     12 1287808   5776 8309492    0    0     0     0  583  315  0  0 100  0  0  0
 0  0     12 1287808   5776 8309552    0    0     0     0  687  440  0  0 100  0  0  0
 0  0     12 1288628   5776 8309556    0    0     0     0 1432  870  1  1 98  0  0  0
 1  0     12 1288572   5908 8309676    0    0   132     0  848  542  0  1 99  0  0  0
 0  0     12 1288516   5916 8309676    0    0     0    52 1075  439  0  1 99  0  0  0
 1  0     12 1288684   5916 8309676    0    0     0     0  957  561  0  1 99  0  0  0
 0  0     12 1288684   5916 8309676    0    0     0     0  595  310  0  0 100  0  0  0
 1  0     12 1288576   5916 8309684    0    0     0     0  678  430  0  1 99  0  0  0
 2  0     12 1289280   5916 8309684    0    0     0     0  877  571  0  1 99  0  0  0
 2  0     12 1289700   5924 8309692    0    0     0    16 1225  965  0  1 99  0  0  0
 0  0     12 1289700   5924 8309692    0    0     0     0  703  413  0  0 100  0  0  0
 0  0     12 1289700   5924 8309700    0    0     0     0  658  408  0  0 99  0  0  0
procs -----------memory---------- ---swap-- -----io---- -system-- -------cpu-------
 r  b   swpd   free   buff  cache   si   so    bi    bo   in   cs us sy id wa st gu
 2  0     12 1290252   5924 8309704    0    0     0     0 1710 1202  1  1 98  0  0  0
 0  0     12 1290448   5924 8309712    0    0     0     0 1289  882  0  1 99  0  0  0
 0  0     12 1289748   5932 8309712    0    0     0    20 1098  643  0  1 99  0  0  0
 0  0     12 1289748   5932 8309712    0    0     0     0  529  312  0  0 100  0  0  0
 0  0     12 1289748   5932 8309720    0    0     0     0  704  320  0  0 100  0  0  0
 0  0     12 1289496   5932 8309724    0    0     0   108  995  546  0  1 99  0  0  0
 2  0     12 1289496   5932 8309724    0    0     0     0  859  466  0  0 99  0  0  0
 1  0     12 1289496   5940 8309724    0    0     0    32 1361  911  0  1 99  0  0  0
 0  0     12 1289272   5940 8309748    0    0     0     0 1613 1338  1  1 98  0  0  0
 0  0     12 1289272   5940 8309748    0    0     0     0  634  433  0  0 100  0  0  0
 1  0     12 1289272   5940 8309752    0    0     0     0  623  385  0  1 99  0  0  0
 0  0     12 1289468   5944 8309756    0    0     0    28 1065  614  0  1 99  0  0  0
 1  0     12 1290284   5944 8309756    0    0     0     0 1139  811  0  1 99  0  0  0
 0  0     12 1290284   5952 8309756    0    0     0    52  702  423  0  0 99  0  0  0
 1  0     12 1290284   5952 8309764    0    0     0     0  638  339  0  0 100  0  0  0
 0  0     12 1290480   5952 8309764    0    0     0     0  963  481  0  1 99  0  0  0
 0  0     12 1290536   5952 8309764    0    0     0    76  849  493  0  0 99  0  0  0
 0  0     12 1289784   5952 8309772    0    0     0     0 1090  573  0  1 99  0  0  0
 0  0     12 1289784   5960 8309764    0    0     0    16  716  440  0  0 100  0  0  0
 0  0     12 1289784   5960 8309772    0    0     0     0  701  361  0  0 100  0  0  0
 1  0     12 1289796   5960 8309776    0    0     0     0  909  503  0  1 99  0  0  0
procs -----------memory---------- ---swap-- -----io---- -system-- -------cpu-------
 r  b   swpd   free   buff  cache   si   so    bi    bo   in   cs us sy id wa st gu
 0  0     12 1290300   5960 8309784    0    0     0   180  990  539  0  1 99  0  0  0
 0  0     12 1290300   5960 8309788    0    0     0     0 1031  634  0  1 99  0  0  0
 0  0     12 1290300   5968 8309788    0    0     0    44  709  405  0  0 100  0  0  0
 1  0     12 1290300   5968 8309796    0    0     0     0  874  641  0  1 99  0  0  0
 0  0     12 1290336   5968 8309804    0    0     0   172 1762 1153  0  2 98  0  0  0
 1  0     12 1290384   5968 8309804    0    0     0     0 1020  601  0  1 99  0  0  0
 0  0     12 1290640   5968 8309804    0    0     0     0  885  467  0  1 99  0  0  0
 0  0     12 1290640   5976 8309804    0    0     0    16  668  385  0  0 99  0  0  0
 0  0     12 1290640   5976 8309812    0    0     0     0  708  429  0  0 100  0  0  0
 2  0     12 1290640   5976 8309812    0    0     0     0 1002  710  0  0 99  0  0  0
 0  0     12 1291144   5976 8309820    0    0     0     0 1240  851  0  1 99  0  0  0
 0  0     12 1291904   5976 8309820    0    0     0     0  998  639  0  1 99  0  0  0
 0  0     12 1291904   5984 8309812    0    0     0    16  556  344  0  0 100  0  0  0
 0  0     12 1291904   5984 8309812    0    0     0     0  613  404  0  0 100  0  0  0
 0  0     12 1291904   5984 8309832    0    0     0     0  641  448  0  0 100  0  0  0
 0  0     12 1291796   5984 8309840    0    0     0    16 1279  738  0  2 98  0  0  0
 0  0     12 1292356   5984 8309840    0    0     0     0 1047  635  0  1 99  0  0  0
 0  0     12 1292356   5992 8309840    0    0     0    20  702  376  0  1 99  0  0  0
 0  0     12 1292356   5992 8309840    0    0     0     0  524  271  0  0 100  0  0  0
 0  0     12 1292356   5992 8309840    0    0     0     0  503  220  0  0 100  0  0  0
 0  0     12 1291996   5992 8309848    0    0     0   160 1266  613  0  1 99  0  0  0
procs -----------memory---------- ---swap-- -----io---- -system-- -------cpu-------
 r  b   swpd   free   buff  cache   si   so    bi    bo   in   cs us sy id wa st gu
 0  0     12 1292360   5992 8309848    0    0     0     0 1041  566  0  1 99  0  0  0
 0  0     12 1292360   6000 8309848    0    0     0    40  744  381  0  0 100  0  0  0
 0  0     12 1292360   6000 8309860    0    0     0     0  713  468  0  1 99  0  0  0
 1  0     12 1292360   6000 8309860    0    0     0     0 1065  745  0  1 99  0  0  0
 1  0     12 1292612   6000 8309868    0    0     0     0 1203  557  0  1 99  0  0  0
 0  0     12 1292252   6000 8309868    0    0     0     0 1039  545  0  1 99  0  0  0
 0  0     12 1292364   6008 8309872    0    0     0    20  629  367  0  0 99  0  0  0
 1  0     12 1292364   6008 8309880    0    0     0     0  622  312  0  0 100  0  0  0
 0  0     12 1292364   6008 8309880    0    0     0     0  762  327  0  0 99  0  0  0
 0  0     12 1291860   6012 8309992    0    0     8     8 1363  577  0  1 99  0  0  0
 0  0     12 1291612   6012 8309992    0    0     0     0 1178  630  0  1 99  0  0  0
 0  0     12 1291612   6020 8310000    0    0     0    40  750  490  0  0 100  0  0  0
 0  0     12 1291612   6020 8310000    0    0     0     0 1117  743  0  1 99  0  0  0
 0  0     12 1291612   6020 8310004    0    0     0     0  718  435  0  0 100  0  0  0
 0  0     12 1290856   6020 8310012    0    0     0     0 1350  943  0  1 99  0  0  0
 0  0     12 1290860   6020 8310020    0    0     0     0 1293  842  0  1 99  0  0  0
 0  0     12 1290860   6028 8310012    0    0     0    16  610  374  0  0 100  0  0  0
 0  0     12 1290860   6028 8310020    0    0     0     0  764  466  0  1 99  0  0  0
 0  0     12 1290860   6028 8310028    0    0     0     0 1115  654  0  1 99  0  0  0
 0  0     12 1290860   6028 8310028    0    0     0     0 1027  558  0  1 99  0  0  0
 0  0     12 1291140   6028 8310028    0    0     0     0 1098  638  0  1 99  0  0  0
procs -----------memory---------- ---swap-- -----io---- -system-- -------cpu-------
 r  b   swpd   free   buff  cache   si   so    bi    bo   in   cs us sy id wa st gu
 1  0     12 1291140   6036 8310028    0    0     0    16  635  409  0  0 100  0  0  0
 0  0     12 1291140   6036 8310036    0    0     0     0 1205  851  0  1 99  0  0  0
 4  0     12 1291140   6036 8310048    0    0     0     0  972  510  0  0 100  0  0  0
 1  0     12 1291140   6036 8310048    0    0     0     0 1088  624  0  1 99  0  0  0
 2  0     12 1290132   6036 8310076    0    0    20     0 1735 1267  1  2 98  0  0  0
